500
1 33470145712990663
1 69237813149227304
1 -86862565044930514
1 75792927155333646
1 -59416993466438605
1 -22046873069368440
1 -10157736377428445
1 -29541501934149670
1 44881428297312680
1 -6455523965319867
1 -55552838646070477
1 -98612589931920234
1 71449698983182212
1 86682561772588994
1 -5350944181902963
1 -29289587819524040
1 -55358862148564825
1 41342014636950929
1 -36751345360045968
1 -48462914443545577
1 5408413544967462
1 -42695628185935154
1 29940442071008369
1 -40039140902868321
1 -5878073272880564
1 97959848614106208
1 37139240647837692
1 -84578679808014445
1 -12507898554037600
1 74531896945903764
1 -51526827968620089
1 910208424773608
1 -86061559192721946
1 24620571909128001
1 -40581761902446997
1 -16742207090826804
1 963099356807444
1 -84916854021924553
1 67714874729353113
1 53067843812463881
1 -79558343839844693
1 -5234623391504265
1 71820254207335457
1 -39939477027276299
1 -39320712957047278
1 8904002175811680
1 -61066406809638804
1 24264444634010316
1 -30889478317077474
1 22748164214490524
1 -46420823767046761
1 -15544038284633441
1 29548905870607119
1 -85697799167459815
1 85785699039902375
1 29228888388343312
1 -66612775747411500
1 -4576633362997051
1 -24514834243595470
1 -73313764938063135
1 36039733144208700
1 -83997123690469842
1 -73236470398062404
1 -86340230684194797
1 60525857545750271
1 -44129740759787561
1 13760565039479124
1 -8329537291057725
1 -89059510273847720
1 83858959116853439
1 56793038934116603
1 19081897687999860
1 -94207700626809026
1 -99640658928444225
1 -17815289057640367
1 58345693622471145
1 -47614906314904731
1 54483069446613330
1 -40564716279114293
1 -20522957529170156
1 -69346165233835561
1 63850901917496610
1 -99334388832590632
1 50113251205761625
1 53036737529019973
1 33302138403082301
1 54865869068778934
1 -88044419048457726
1 2691947122891263
1 71991574242097994
1 -30963172798826806
1 51913073722734064
1 -80860926254728201
1 -93490218131392242
1 71946372283726637
1 -80333174593663192
1 -97587524525987968
1 -8008519045210902
1 50092695024769803
1 81775505540927420
1 51727219630386648
1 -96674742857638953
1 -90670342864036761
1 25146045993192252
1 -70896390710887059
1 -43488856667579425
1 -8430831685105169
1 -37743045913727393
1 15869425674547639
1 51290030890648678
1 -72830977017183282
1 99039900512030552
1 9754753110254463
1 99452715702111793
1 97595147527425945
1 -47135063902487275
1 9625359356066005
1 -31152792471596309
1 -2022649351542815
1 29616969392492607
1 -22860703658773257
1 -31402536314561100
1 -51723290939044686
1 45971148791642750
1 -6173437706565551
1 4214512382556906
1 58206193725854496
1 -5831445575084286
1 91190495467299101
1 63171270070241394
1 12820520543663530
1 -69774122600826433
1 -88774804590609919
1 -28692107316902741
1 -27769194188954662
1 -28805528950226876
1 49076857828092772
1 -81627496601968627
1 -35953951869168978
1 -5911660783967839
1 -42722294366962943
1 -27809118420235291
1 50311005090319443
1 -92264818995380922
1 72290967713999714
1 21339766759918261
1 -94027466561814447
1 -62909414846059289
1 59832389896277203
1 86690742090367066
1 32213931214934821
1 20976967164351198
1 82437805425790059
1 14314191782085120
1 -16740803846738235
1 -35875063300134240
1 -59664272845699907
1 21331828043097650
1 -88211065633041779
1 25119593663043993
1 60548399893368248
1 -10990535294430114
1 -36511997666188595
1 21185353216671205
1 -29081118936249259
1 22760321416893763
1 63600094334236990
1 -81435581467312448
1 1604805363778290
1 55152610889425681
1 94787784328492186
1 60876447017098547
1 96142868015456538
1 -13118032652928695
1 -96000989394335400
1 -82938383645244612
1 86310745836376942
1 -33487792715062146
1 89556844085121200
1 22167814027842496
1 -85771936386051064
1 45514912165630598
1 7511135881124173
1 -99566160151331911
1 -45414495132370292
1 -85414516427546028
1 -86589159533447357
1 97008525003669604
1 72361886114417396
1 99336018914030754
1 64174276132295582
1 78050471211258168
1 -97184694360799353
1 -33250901137163627
1 -6282735576449810
1 -42069058383325658
1 -51300687201517759
1 17994018622162820
1 -74089023143905610
1 48342681635995816
1 6199938890702384
1 -78511646975860956
1 9983178500377083
1 -67717519443141767
1 -81442350488011279
1 -83599980094470390
1 -46379171019483969
1 -99558800957629747
1 -48166772506446428
1 -88073546099255822
1 -49426386388034889
1 43958576563579852
1 16491440795707598
1 61789047887545187
1 -86925508625935212
1 99506513637344462
1 33274459431229759
1 86200032388806832
1 -59065084359311365
1 58855998870861259
1 50002267194357062
1 80331094258933792
1 98736144679481397
1 1158073640269707
1 -84378585182869350
1 -10609338830555781
1 -64526654228865626
1 -48916754370626469
1 -90871222352188303
1 7536798744827235
1 -27332784106113494
1 -50404025325551694
1 -87345042909849845
1 -60837190132920770
1 -39758019856585590
1 92426909614511732
1 -69653060420228137
1 -68299185102131457
1 -38757490391758615
1 -28898780765208988
1 24136869375011795
1 -73670206524335929
1 29631237887129779
1 13155657552916203
1 -39813031179033342
1 -25371993742275323
1 70784067630472916
1 -68307083625600927
1 -31680963613310282
1 -54478087888470307
1 37239650839372528
1 99103838652236959
1 -56723347781345981
1 -28090885007006991
1 3915016980480566
1 -26696124216703299
1 -98185548109034820
1 97526713578241714
1 50632224093495099
1 36720747203979972
1 -247003087163915
1 -26380893299590857
1 -81796795401580113
1 -9258868998883774
1 54215086502086534
1 61963595372292668
1 3651079381661243
1 4747798837938147
1 50472291973678252
1 -74970582941144252
1 49129009688821594
1 57280937521489871
1 96815616091410533
1 -58369418959591699
1 99125498919388254
1 -43231040257861883
1 -48165357246087566
1 5826117061238530
1 30160556773096795
1 89527496647437065
1 -28231987493796427
1 -86566558631261132
1 -66221915653823353
1 66003994843530311
1 -89123300118089579
1 -84249249468610116
1 76080906524382495
1 91772792463145736
1 8719488406055969
1 -79282692341735206
1 97694646244698439
1 -89842520472698805
1 -11326567341484924
1 -69189427300614610
1 14676038955832181
1 -27373867867500468
1 -16624757324233391
1 95353359931818362
1 98616298059721863
1 -23772111381429578
1 -75152185450944107
1 40563563770498651
1 51427277564429606
1 4004178773924392
1 40765588452068131
1 57527351657323202
1 -53025138940087082
1 -76311760312789842
1 30203016330863454
1 95708475022510137
1 86000517945779839
1 -39321189762015891
1 16166637920518983
1 14091303072112534
1 -32639720627103931
1 -82219696414585080
1 71329448587351630
1 17740464574328551
1 -39814396686153824
1 -42614551307683205
1 -94654005232687927
1 -64727634864165725
1 -69494470028359742
1 -60211746283235756
1 -63479470051726947
1 6835498152821934
1 -82959692424220396
1 -30979528983791765
1 87267414076330215
1 -7592291555088443
1 38432890589804176
1 -40565425260372250
1 31043276533975108
1 -73120330315604946
1 -97214225329081332
1 63167232343477178
1 -52254432891908616
1 26397450166127921
1 -7236339892699468
1 36574358203582966
1 96899502964228606
1 -51393009552565367
1 96178370020275464
1 7713941314388663
1 88563621759055208
1 6099092035185973
1 77350961814097649
1 -36623675133391644
1 19706051781802693
1 -89011899187905175
1 -69378811112739521
1 -46042595563242511
1 -42680700645755562
1 51260551786441877
1 59381013679516236
1 -37940400905490138
1 54223632025070205
1 5373163706028110
1 -79335273914013308
1 78522275190319821
1 11209558928904155
1 37306351541175161
1 -33013776816379964
1 -92943128348322716
1 -84285345638933241
1 -86389318667618761
1 -56346071003247921
1 8805705409730199
1 75859484126616195
1 -27033555102646750
1 38195951601627671
1 23522175406827420
1 -4439666842914209
1 48223886062347724
1 -84583949828651556
1 90377381561457323
1 -99467084433129602
1 19525971259342149
1 -40577149038114794
1 29800598582833300
1 -63805063173202334
1 -72972546112378449
1 14583000599880645
1 84648921044739761
1 35595758846278811
1 56870208480752956
1 75286801737383197
1 13335033503942755
1 -93072783279478572
1 60150123740389316
1 -52301342118657719
1 48730960414440930
1 -46894823856692346
1 -95825816321167780
1 15182990717302667
1 -96209215117435740
1 -77781135559348743
1 10568767743507172
1 -83783441603522704
1 81955341349566379
1 -60929138019689845
1 -6100673647049507
1 70490913341239958
1 -60614981755408691
1 -82057464076100256
1 -12254964990852790
1 -22461572274826443
1 31212882969427827
1 49538870270008171
1 -76193166290720345
1 -47868242982978325
1 10898458611995657
1 36376513926101794
1 38145444567698755
1 94919454328857883
1 26560574303409295
1 51371247860937743
1 -57257505222926188
1 -7745126499829279
1 48311406567093737
1 92550965538676509
1 -5088447636959888
1 30833852950753924
1 12040112304818839
1 -90011977791437241
1 -59514345765404036
1 79528562842378208
1 -81157609698291240
1 36307184485463340
1 45110136274748445
1 -96840316351857656
1 46998016722487499
1 25409240643880989
1 -88398165319533674
1 -54928213902378482
1 -32388912196634282
1 -38011970161312455
1 69157168958408584
1 44591812428273321
1 -90871056902649188
1 -31484671287147632
1 -89664167892431812
1 -41381842962520221
1 -412161113435777
1 30701503724407633
1 57589652008714845
1 -38730147647018174
1 21276589101539236
1 59095604582749740
1 -94444141328873246
1 -20842671148721500
1 34051252372247538
1 10331683256059666
1 -19524354161757445
1 51726647354521312
1 -86321918349137181
1 -12977284293266941
1 53946640266467818
1 -81515923726083365
1 17192604566097426
1 -58853503380722542
1 40683996280040351
1 84819489621641832
1 59385408833135666
1 38819532488449347
1 -90350640747906071
1 16317130856415930
1 -22655509306007264
1 -87359050735694884
1 -30556083377024267
1 -91901962494145895
1 -51033141033380195
1 1072289802940766
1 -30989263743680784
1 -88534476904693412
1 57891760954475229
1 -47046459372500871
1 32972846762271509
1 -1705234455809971
1 44897331285402020
1 -21576614202516327
1 -58569430398335013
1 71308820133763489
1 -56612698995278781
1 32193491544332964
1 47673747695430314
1 88996132877125797
1 -11747645378283294
1 15619026119975080
1 12410844985151139
1 87440899281527376
1 82885650511244034
1 82177611238805033
1 -23483250662061062
1 -42703411684035426
1 82415582771553151
1 34136465297707945
1 92471120302399450
1 -80720658751830410
1 -23402461956276098
1000
58648
60725
21995
20127
23634
4896
97661
29232
72039
19507
13642
52234
16110
32044
18786
5590
46575
41695
66665
99087
16776
51505
21975
90407
86795
34909
44055
61858
38333
29779
2920
67992
26265
13460
32031
42936
84139
46167
15715
16736
68278
93320
91088
7238
63886
60675
44917
9714
71295
11485
61558
95361
81668
25980
14282
22052
83120
86618
33885
24767
46665
84454
53040
76810
19112
93986
12628
27027
3706
63878
13683
88154
31586
84860
42663
5076
54933
4322
63009
68297
16476
68907
44291
41206
71701
6174
99814
11628
43091
17973
23189
90479
63930
33088
4656
78423
39715
78912
28843
49426
78366
58060
57036
89760
51723
77903
51856
44566
20416
10631
40550
66140
90022
43016
96082
69487
85884
17495
60268
3328
6003
21488
8511
84498
91920
78049
91914
23584
19597
33612
61538
99573
17719
29193
89486
94737
37521
84577
35658
20619
21008
30740
54181
50378
40702
1780
27234
68779
18264
41352
13723
48958
59408
67178
58137
60809
41963
59370
3773
52643
30979
75976
17499
93050
83078
67357
92954
5902
73781
40787
78901
88179
66150
76936
22652
4019
14499
86544
69332
31338
62793
84112
33043
52488
84298
91044
31333
68307
7339
46809
8106
55330
95815
28627
58933
29987
91274
32105
85198
55862
32982
83140
65265
87471
31265
19876
67757
1016
14901
96443
25734
3980
64047
36591
3444
34846
19425
64444
41154
59216
89201
28048
58607
92
32951
54062
72848
93967
67619
8044
30700
50088
6164
24052
64255
50174
38722
66727
1272
16759
60661
6325
68026
47858
77963
27398
47039
65694
14678
8340
84720
26912
33916
271
40718
57714
55733
60472
15757
87262
6129
93926
25363
13479
4176
33860
74974
85824
89543
53040
9051
54866
15202
11934
99440
5499
20188
50196
49106
37610
48040
8939
78128
96452
12972
39924
70502
10882
35873
76816
14731
35889
98612
16311
27332
38640
89960
50995
46670
3989
53906
3394
21976
67433
11355
58135
40262
81863
74178
14296
29072
74689
39576
47682
45824
6523
56065
62465
93208
22318
15161
65593
15978
97894
75661
52224
55966
69957
22046
48897
94223
38334
60386
98202
83342
45818
57443
34302
93630
18070
50589
62773
87254
86787
90212
25879
71682
77989
20124
68949
43682
15349
8735
34864
92426
12383
80667
15712
39585
54629
25681
33966
45634
26394
89047
66042
90013
57607
12215
39670
21559
98473
70542
27304
19814
87665
91854
42060
27766
31619
14364
75440
88518
98071
60370
44087
60620
95036
24510
12887
42509
75600
57602
4282
33798
29001
91570
12161
23814
88527
80601
76732
44305
61887
15636
69235
7198
53482
6133
1952
27770
91539
25185
81427
77092
88437
60403
19853
17710
1947
3319
99877
72066
4966
72911
72774
80955
56075
99570
79919
14888
57586
99528
42609
10252
93848
3183
92565
6464
78286
54969
62100
88816
12887
32236
72124
32954
52686
3936
46898
68274
11678
1861
67819
36897
95208
1274
6001
29857
92033
6807
80708
80739
63249
30756
49558
67369
9556
2496
8174
90316
84765
68987
43302
77943
18607
9595
38189
36554
41154
11131
75014
45144
97284
4200
84807
20649
34965
91971
51579
84089
62089
41889
95745
65879
94314
99886
3018
71399
67412
8293
63134
90176
68311
77210
25784
24655
36473
73680
83622
64146
47729
65475
70666
41982
31533
95680
47003
31450
70061
51624
55685
3234
84069
85553
1733
33892
18335
44516
39214
68198
20119
13824
5638
65566
69853
8502
34185
53945
21623
35947
91493
7861
21564
81433
64637
14182
7802
2573
9319
66613
88272
98411
30670
62172
82613
31142
55952
99051
27951
39144
63808
79302
69117
94192
68997
18725
92430
53775
30906
34451
90824
33866
6796
15088
76962
9531
33983
76367
40073
92496
6729
20664
85823
45643
89269
57127
55639
71008
7810
69675
47355
6362
26466
9320
40198
37398
92443
40278
45579
93029
1577
33471
14668
37615
38970
7685
81123
80459
15568
14169
68092
1832
71651
72037
47897
32808
17821
51652
941
30431
27516
23172
96674
64376
61075
59403
30451
90160
36809
48111
18322
86009
47384
27453
76899
48249
96047
1811
14783
62632
17393
27749
34739
36630
56116
54140
36414
28546
75395
54770
59862
41252
56477
98807
97412
43012
93331
68367
77731
17792
56622
76082
17413
49450
66278
76939
59118
46248
77260
24378
68247
3923
76673
63506
99212
31704
17469
63707
8046
19994
43849
9201
94643
85325
23205
76995
41633
35645
35491
34197
96566
74853
86793
27550
1475
99417
72404
77963
83404
62588
92912
80250
33610
89706
67456
33728
22857
92816
31164
82244
47466
31919
55406
2529
15394
25917
25396
83336
92601
87939
84034
94011
67180
60608
36541
36724
95916
85924
91424
71900
73853
27350
37051
23220
95832
32495
49551
61775
98089
52477
83795
44022
72049
15041
72498
25635
34821
89457
89963
86118
22285
25270
52304
13347
69030
44207
89383
2674
50401
25741
15564
13566
8738
51125
54317
13671
99905
15329
62444
47200
51724
28671
71393
22449
30595
66192
99190
31766
62971
27434
57481
78366
50844
83703
17037
94573
91107
95092
57673
35066
1121
32755
72375
10866
99929
7353
72806
20851
58630
47137
41209
16914
33555
35191
5766
73013
17025
41693
56920
89786
86468
42665
64046
12846
40006
56645
68505
22583
13379
9038
4418
53099
58604
3414
66466
68214
30948
25539
59495
72088
2918
97293
98837
86213
8412
99619
66627
59843
24969
60967
13818
68687
7937
39213
21466
17848
85196
81056
34261
68419
59174
13502
58962
36453
39650
12023
83883
96012
43490
4881
65487
1879
65217
17255
93441
60697
80201
26149
65847
91162
17885
1870
78492
60662
13809
63479
15118
56700
15052
68745
92320
65840
16589
80354
63865
68745
83587
30709
65524
25460
37012
29317
89854
8751
17847
58414
54172
54895
15802
78653
79810
81306
58588
15730
21692
97294
55988
3365
60969
61592
23912
12511
7835
71774
30103
41692
55128
39222
752
79792
5916
56876
83704
47423
49717
41696
4713
17218
36998
71173
21581
56265
95460
52068
55655
42068
71132
65527
61738
68217
35819
39662
41376
20354
32804
52813
2596
40491
34126
54540
48008
84712
46019
90838
59920
53885
39667
59562
14325
5892
86783
51933
1028
30443
78270
94390
75292
90451
78235
32465
57588
73330
70580
89565
56754
97906
95933
50462
69877
54448
45467
16587
69739
95901
40170
17073
86204
16769
30296
37262
20894
11827
1895
12503
54590
12898
56751
3122
35261
