4
800 999
921 94
373 -921
942 20
727
78777
67013
90751
43170
32341
37581
51798
73744
52664
95720
20298
86891
18077
54693
67749
36612
5056
66262
68599
8879
12035
73519
93651
47044
3627
30541
84943
21312
7649
2221
62856
63170
37234
10576
39612
16686
53903
10782
37358
93581
2478
18687
645
46315
8743
64483
13549
37144
32247
46428
7092
60936
79105
73663
96110
51219
40935
25319
95698
31733
50997
56402
45723
48847
4599
5570
66249
41220
2623
34204
30717
68669
74944
77292
40416
13446
30869
94432
71772
33582
90587
30825
55105
55563
44114
71709
9026
22996
27616
55223
61686
64517
18030
48085
88663
52383
21833
71993
3654
16229
89474
44201
44741
56863
76431
16848
21467
30811
57096
64442
85940
12135
77898
8796
37727
88953
10551
31913
6414
3783
59220
34942
46393
271
61386
96951
41531
27664
83334
6327
30035
32879
43866
31269
3237
69204
85369
40425
73495
51786
24158
44275
23828
55746
42054
62421
88204
1360
6097
13956
24914
73901
33637
31675
87293
5427
48331
21783
6567
18532
31280
15644
22449
46852
12646
97326
21245
77562
69632
45497
23283
65267
3865
3370
47837
17951
54862
45588
57642
73266
38239
84236
70831
21412
17906
16077
45217
690
72656
1205
55772
51675
78566
63686
12735
47043
8422
86054
4398
34963
43299
83679
62703
40055
46072
89024
95309
13599
58530
48858
5656
77022
87713
34595
12675
57454
60668
46871
2341
64715
30330
62546
38361
60723
19145
78423
39742
73292
70266
83596
66007
38718
49123
18812
93323
81749
15932
52499
87750
97120
85027
6438
59319
47413
45688
65161
84496
20139
46049
81430
35273
96798
49447
4109
12414
8526
82807
48334
86252
74208
96835
27777
84728
3387
61151
61870
8904
72877
26788
17669
2311
5188
18543
87608
89157
24470
11299
60828
41077
54809
37955
81676
75534
38763
76761
44646
17419
28747
28018
14347
10891
27806
54976
80355
43089
54635
26455
86423
72389
97567
53456
46518
96465
98570
34952
58768
54788
34752
87298
7838
94291
29370
14561
27192
75155
72562
69167
78013
97568
83754
86617
59983
75514
51430
94257
5748
66019
98893
23787
61334
90370
67404
14784
88804
86178
98643
49998
42479
25427
52598
62389
93422
80648
12973
37115
48442
75192
468
68970
59442
55070
53580
69581
29305
55833
14744
1750
59987
82284
66625
9787
85996
61471
19155
59412
95473
35132
21213
48671
26484
93459
9621
76925
42316
95862
56434
40466
10515
24766
22352
37448
85414
4
23600
32045
68745
90089
50677
4976
94112
17006
62439
86952
92695
55229
53396
55981
10939
31870
74570
91325
37951
42146
72351
59384
86072
42845
37737
20293
78721
53027
34310
22635
16888
95442
28566
63864
93919
84072
7259
86494
47772
87625
29632
88529
84761
56602
57839
72202
67525
12585
17977
45959
43505
1442
27059
84424
16115
79579
63187
82900
95078
33673
5079
81458
87625
84681
23198
49041
11516
87704
45261
11520
19046
53371
11339
80598
87633
12248
3333
44331
1452
68763
86827
94653
95432
91187
30065
72397
69212
63826
34735
68063
14530
78192
23362
94878
9367
17768
44648
98357
54270
45913
25640
67575
32446
32518
76616
40439
99936
46967
48597
75473
12210
23958
31039
86336
44070
87635
9497
37477
97075
10913
67837
50759
22323
46390
89447
94829
53060
79759
27221
62950
24295
2473
82509
86497
12036
62729
66935
45685
90948
21397
58591
45947
44438
87289
99636
98702
98282
60516
63116
882
90841
74056
55870
48555
28379
2141
78694
27681
85071
97854
87620
78210
92983
42154
34717
1440
93017
14596
86649
95471
63903
88276
35811
3560
52088
53541
71501
55753
10741
6532
42825
92595
37196
24775
63312
6251
15961
59524
15103
41369
12248
33493
3094
88780
34796
90843
32791
79123
25180
21112
2125
77221
90576
31123
76962
62939
32248
48632
56487
85617
53605
2422
54064
38024
23470
25727
64565
45351
28557
96875
24883
70133
62112
57813
40265
29409
88328
62492
52476
41051
92141
32484
57427
61784
10040
22483
65947
81297
94263
25844
76932
80164
87260
51223
62146
2354
37503
43343
48557
7552
35096
54482
82497
10390
24357
96925
6879
78403
14762
14030
64458
70710
56876
6216
3627
82982
28181
27538
53710
11596
68340
52984
9123
81284
50650
5545
65885
89584
34269
15863
52342
48756
81208
67226
12553
84027
5289
50797
98519
32336
53170
66448
49731
13510
8058
81860
28758
7153
91401
51314
53595
95019
61359
40997
51876
39632
23869
57419
24035
81122
17162
25783
55250
30469
94799
48002
12684
99620
58444
31046
70289
17259
81889
5570
87206
98634
9845
84409
81523
47353
65651
59954
8419
77166
42856
45625
14023
46760
62471
93789
66259
3144
29829
8080
