500
39 99999999999931069
164 99999999998802253
378 99999999993679110
41 99999999999923672
82 99999999999698416
114 99999999999418829
83 99999999999691078
156 99999999998916244
390 99999999993270392
190 99999999998396256
476 99999999989949036
351 99999999994549649
92 99999999999620946
129 99999999999257474
323 99999999995384527
373 99999999993845482
266 99999999996869949
466 99999999990368636
450 99999999991022046
276 99999999996630919
86 99999999999668555
292 99999999996228279
46 99999999999903653
477 99999999989906609
295 99999999996150280
255 99999999997122401
404 99999999992776234
398 99999999992990196
430 99999999991808532
428 99999999991885258
246 99999999997321381
249 99999999997255871
142 99999999999101520
66 99999999999803689
1 100000000000000000
51 99999999999881605
498 99999999988994557
210 99999999998043660
87 99999999999660867
399 99999999992954770
85 99999999999676164
119 99999999999367085
473 99999999990075818
327 99999999995269361
208 99999999998080391
448 99999999991102155
490 99999999989346790
465 99999999990410100
209 99999999998062060
288 99999999996331112
471 99999999990159944
394 99999999993130981
330 99999999995182095
280 99999999996532542
227 99999999997716921
453 99999999990901184
78 99999999999726812
377 99999999993712536
407 99999999992667854
410 99999999992558613
481 99999999989736047
57 99999999999852618
411 99999999992521993
444 99999999991261499
499 99999999988950086
200 99999999998224246
348 99999999994642291
361 99999999994235412
358 99999999994330667
112 99999999999438959
294 99999999996176366
149 99999999999011023
282 99999999996482735
26 99999999999970009
286 99999999996382016
325 99999999995327142
299 99999999996045049
15 99999999999990120
388 99999999993339462
186 99999999998462412
218 99999999997893149
17 99999999999987299
34 99999999999947850
124 99999999999313353
458 99999999990698046
322 99999999995413063
480 99999999989778823
470 99999999990201898
73 99999999999760292
307 99999999995830326
454 99999999990860711
204 99999999998152925
160 99999999998859971
113 99999999999428947
488 99999999989433926
438 99999999991498056
230 99999999997656574
96 99999999999587312
193 99999999998345644
79 99999999999719873
101 99999999999543375
289 99999999996305542
214 99999999997969120
497 99999999989038915
133 99999999999211207
381 99999999993578177
291 99999999996254121
36 99999999999941426
11 99999999999994619
400 99999999992919278
256 99999999997099908
141 99999999999114117
42 99999999999919827
354 99999999994456277
195 99999999998311452
65 99999999999809474
267 99999999996846481
207 99999999998098658
395 99999999993095929
367 99999999994042302
4 99999999999999391
369 99999999993977088
302 99999999995965154
268 99999999996822901
426 99999999991961585
419 99999999992225823
413 99999999992448472
483 99999999989650161
143 99999999999088830
271 99999999996751687
20 99999999999982460
324 99999999995355880
384 99999999993476385
213 99999999997987897
21 99999999999980642
437 99999999991537184
47 99999999999899398
349 99999999994611512
328 99999999995240345
283 99999999996457685
303 99999999995938342
379 99999999993645571
247 99999999997299624
435 99999999991615178
250 99999999997233824
70 99999999999779452
387 99999999993373834
461 99999999990575154
170 99999999998713362
69 99999999999785644
103 99999999999525210
262 99999999996962951
182 99999999998527202
341 99999999994855469
134 99999999999199386
492 99999999989259248
469 99999999990243734
333 99999999995094092
126 99999999999291273
28 99999999999965079
244 99999999997364594
380 99999999993611930
31 99999999999956911
254 99999999997144832
269 99999999996799259
138 99999999999151257
460 99999999990616205
482 99999999989693159
45 99999999999907817
97 99999999999578714
137 99999999999163428
317 99999999995554333
94 99999999999604290
485 99999999989563968
290 99999999996279886
312 99999999995693333
340 99999999994885600
359 99999999994299010
409 99999999992595126
175 99999999998637149
432 99999999991731433
189 99999999998412946
301 99999999995991879
7 99999999999997846
49 99999999999890648
67 99999999999797787
344 99999999994764629
93 99999999999612659
53 99999999999872231
258 99999999997054632
342 99999999994825276
446 99999999991181966
321 99999999995441521
346 99999999994703619
171 99999999998698263
205 99999999998134919
76 99999999999740436
491 99999999989303073
155 99999999998930047
187 99999999998446016
5 99999999999998986
40 99999999999927423
110 99999999999458720
179 99999999998574830
335 99999999995034990
55 99999999999862559
386 99999999993408113
281 99999999996507686
238 99999999997491932
408 99999999992631520
252 99999999997189488
305 99999999995884499
98 99999999999570012
440 99999999991419598
125 99999999999302351
6 99999999999998462
178 99999999998590508
135 99999999999187479
95 99999999999595832
154 99999999998943787
352 99999999994518603
329 99999999995211256
500 99999999988905513
343 99999999994794989
89 99999999999645182
56 99999999999857624
355 99999999994425003
44 99999999999911906
464 99999999990451483
25 99999999999972325
52 99999999999876962
35 99999999999944670
206 99999999998116827
300 99999999996018522
199 99999999998241891
424 99999999992037585
449 99999999991062132
371 99999999993911492
278 99999999996581922
274 99999999996679528
173 99999999998667880
80 99999999999712833
306 99999999995857465
106 99999999999497234
117 99999999999388017
318 99999999995526278
332 99999999995123516
33 99999999999950961
196 99999999998294222
225 99999999997756680
228 99999999997696884
393 99999999993165960
253 99999999997167194
105 99999999999506636
176 99999999998621676
402 99999999992847987
226 99999999997736839
403 99999999992812165
43 99999999999915917
383 99999999993510393
166 99999999998772911
77 99999999999733675
68 99999999999791766
363 99999999994171465
391 99999999993235689
365 99999999994107088
148 99999999999024170
279 99999999996557284
382 99999999993544324
32 99999999999953993
184 99999999998494990
443 99999999991301152
168 99999999998743294
334 99999999995064576
427 99999999991923470
360 99999999994267245
122 99999999999335112
161 99999999998845663
455 99999999990820169
370 99999999993944337
118 99999999999377604
58 99999999999847536
415 99999999992374637
242 99999999997407440
50 99999999999886157
22 99999999999978708
152 99999999998970990
215 99999999997950257
494 99999999989171354
263 99999999996939830
487 99999999989477371
8 99999999999997159
397 99999999993025545
243 99999999997386060
10 99999999999995545
37 99999999999938067
183 99999999998511132
418 99999999992263141
72 99999999999766778
272 99999999996727738
436 99999999991576229
309 99999999995775737
296 99999999996124103
223 99999999997796079
24 99999999999974528
338 99999999994945608
241 99999999997428705
314 99999999995638007
336 99999999995005290
153 99999999998957437
293 99999999996202368
30 99999999999959751
203 99999999998170861
429 99999999991846955
147 99999999999037254
202 99999999998188731
91 99999999999629127
273 99999999996703680
145 99999999999063202
62 99999999999826338
495 99999999989127295
447 99999999991142095
396 99999999993060793
54 99999999999867429
3 99999999999999683
362 99999999994203497
158 99999999998888306
27 99999999999967588
475 99999999989991383
197 99999999998276887
412 99999999992485280
136 99999999999175496
456 99999999990779525
463 99999999990492790
130 99999999999246040
277 99999999996606470
157 99999999998902326
345 99999999994734158
111 99999999999448878
177 99999999998606123
451 99999999990981852
84 99999999999683657
245 99999999997343040
304 99999999995911470
368 99999999994009754
376 99999999993745897
353 99999999994487472
372 99999999993878539
163 99999999998816829
240 99999999997449871
63 99999999999820809
374 99999999993812362
29 99999999999962475
452 99999999990941557
81 99999999999705678
74 99999999999753746
431 99999999991770021
421 99999999992150843
420 99999999992188388
479 99999999989821504
150 99999999998997790
308 99999999995803067
165 99999999998787612
401 99999999992883690
75 99999999999747125
99 99999999999561196
38 99999999999934627
159 99999999998874196
287 99999999996356607
441 99999999991380218
392 99999999993200874
234 99999999997574984
275 99999999996655258
297 99999999996097837
320 99999999995469880
185 99999999998478734
212 99999999998006583
172 99999999998683104
326 99999999995298299
260 99999999997008972
19 99999999999984169
151 99999999998984439
102 99999999999534336
356 99999999994393666
233 99999999997595519
284 99999999996432566
472 99999999990117919
270 99999999996775529
121 99999999999345841
232 99999999997615973
422 99999999992113187
140 99999999999126603
239 99999999997470960
9 99999999999996390
123 99999999999324280
131 99999999999234521
389 99999999993304983
88 99999999999653059
486 99999999989520719
167 99999999998758147
235 99999999997554344
385 99999999993442281
231 99999999997636322
146 99999999999050269
120 99999999999356494
174 99999999998652555
350 99999999994580617
285 99999999996407337
467 99999999990327102
423 99999999992075428
405 99999999992740210
12 99999999999993617
13 99999999999992533
192 99999999998362619
416 99999999992337564
181 99999999998543170
493 99999999989215334
116 99999999999398365
221 99999999997835137
445 99999999991221771
2 99999999999999892
107 99999999999487739
224 99999999997776437
313 99999999995665727
298 99999999996071486
457 99999999990738820
61 99999999999831751
331 99999999995152838
357 99999999994362211
188 99999999998429529
442 99999999991340723
316 99999999995582310
169 99999999998728373
251 99999999997211695
478 99999999989864087
347 99999999994673003
220 99999999997854555
434 99999999991654011
162 99999999998831290
18 99999999999985767
417 99999999992300391
337 99999999994975479
425 99999999991999630
236 99999999997533635
217 99999999997912281
489 99999999989390390
132 99999999999222914
496 99999999989083163
229 99999999997676766
14 99999999999991372
139 99999999999138982
108 99999999999478126
439 99999999991458865
201 99999999998206519
180 99999999998559052
16 99999999999988764
259 99999999997031862
310 99999999995748339
104 99999999999515973
237 99999999997512842
406 99999999992704082
144 99999999999076063
198 99999999998259444
462 99999999990534028
414 99999999992411597
71 99999999999773162
265 99999999996893313
194 99999999998328583
311 99999999995720874
100 99999999999552320
60 99999999999837102
211 99999999998025171
216 99999999997931302
48 99999999999895060
315 99999999995610198
261 99999999996986004
248 99999999997277798
115 99999999999408644
364 99999999994139325
59 99999999999842358
366 99999999994074731
222 99999999997815652
191 99999999998379495
264 99999999996916606
484 99999999989607101
128 99999999999268838
375 99999999993779168
319 99999999995498126
90 99999999999637214
433 99999999991692769
109 99999999999468453
468 99999999990285461
339 99999999994915659
459 99999999990657170
474 99999999990033634
64 99999999999815188
127 99999999999280109
257 99999999997077320
219 99999999997873902
23 99999999999976657
1000
46953
23527
5604
30714
62681
22331
12080
49869
32992
35836
69750
41509
72340
99989
95707
11536
97229
65491
58829
14876
51176
81256
1625
70782
31944
80171
76115
59662
93808
22006
37457
22953
2186
36327
55824
35406
15363
73951
11694
29986
82316
94022
51662
35916
5115
93957
90295
56633
38600
22378
83893
59481
51664
20776
63511
87104
83766
74484
35183
49574
98045
72617
63861
7303
92719
16261
23109
16324
39993
22698
23292
6081
6124
94142
50782
63365
55070
30379
58963
72285
69287
33535
90502
89016
39877
24525
86501
20876
64312
22219
98340
42064
44902
37170
56698
17280
93944
93538
39009
79101
24315
40539
18586
96202
35489
90756
62567
2672
79837
49767
70000
25722
40107
66995
98591
72570
73349
13913
70435
8834
70959
528
94097
44556
35852
85906
2974
20531
45734
62524
42086
15128
71146
52978
7209
90334
58825
76504
88520
8333
7865
68890
81804
69267
23634
56421
30272
68830
44466
53580
7026
3011
4121
7460
61334
11067
55566
32968
87523
99296
44632
77397
38164
90037
7845
80719
90343
40603
10086
68955
76930
43709
97009
79043
47529
60261
27486
19733
43177
70084
47339
41412
23217
79982
30840
42053
63507
40123
28172
1300
10440
63848
95086
23981
17161
39028
23436
5619
10038
86499
30328
45420
60275
32159
83493
68354
89702
53842
12399
17668
45915
5228
93296
72323
10592
54851
6188
64661
32425
74798
36870
14646
27405
63338
33480
78978
38407
77173
21664
61756
44534
67862
4221
1899
55069
70995
65398
87831
27812
28472
54371
80976
32821
91959
45538
41192
31935
98531
73971
43316
4663
34196
38109
65614
35442
47942
33895
56214
3885
48729
97119
67660
13445
29042
43447
48504
75711
50233
33186
24803
74593
43642
20124
31643
98551
71460
42272
50611
26767
88684
97519
32256
59197
90315
76783
189
57208
96412
93130
39304
36859
39807
59691
675
77893
89433
75845
628
48025
46610
14891
4581
2463
52245
80377
65956
73313
32147
86282
59844
14191
96672
35711
58875
40668
18933
894
56386
72382
77356
92497
25528
6417
58568
94147
9951
65621
29578
40071
6205
56300
50524
96561
31133
57853
28331
53466
59564
98996
21189
30176
6844
57695
15711
34531
37316
79346
24369
52234
97085
64836
16823
13180
26279
84656
46866
72360
96418
83349
12293
30781
27350
71479
67546
72242
30027
37179
14554
60479
94129
73935
75736
81154
68474
99680
73991
64636
68891
78401
94623
40689
15119
44651
42236
53900
10451
42391
91743
83896
50827
46694
49547
4168
25372
23418
28809
47888
52144
75962
14853
70281
48277
50322
16558
78609
35166
36336
83162
29065
80032
75144
4319
59061
86422
47921
15867
80000
53758
12486
3886
61013
40026
12455
48091
48743
74256
18997
59338
49098
26955
62297
49545
26039
59319
88509
55942
68172
72168
67633
48535
82762
99700
23496
65586
76341
12084
93688
31253
60888
89608
79806
47167
6878
28304
34936
21813
29178
2099
7273
52830
88064
43612
10776
57384
92393
51000
70961
87073
37459
6969
41058
9534
91423
15766
36799
28631
53010
97513
42208
75657
64756
89295
79774
82035
51060
59404
32121
53113
64737
44772
83092
61412
28690
88067
66967
77760
9312
88278
17709
96349
68455
99920
62756
42959
82473
4518
23855
9454
98858
39155
79783
92375
38645
37557
74854
90248
41973
54702
40810
20328
71293
44740
19320
2653
30753
50177
64791
27156
93243
84211
18353
63484
50087
24173
51989
31179
46374
50085
11256
76568
72511
87508
3983
59743
99706
96057
80758
38208
25699
77174
56396
12289
36301
35601
13621
75719
50092
86421
55511
61793
33370
4366
67293
32125
7123
17873
89943
92497
78232
28465
9368
98227
66768
92555
48823
90401
48195
6043
25838
16891
6749
47621
76574
34308
98321
48397
23209
7396
78515
79263
92759
76073
48477
66216
48530
96801
95019
54938
64105
8609
91871
20812
51761
99777
57917
71576
81407
37406
2160
99196
847
10391
20580
83417
24961
30385
98825
14199
30870
17491
10423
11135
65239
70826
5028
49311
66479
74406
44815
94506
83884
23131
17305
87926
75298
54850
41831
70588
19463
18005
40386
40635
93432
66582
86870
29556
88819
84937
75830
23055
67483
1269
10998
93846
1688
48839
47632
12565
31252
86894
15744
12864
5214
95776
55720
1581
44907
67924
32525
4405
40208
86182
81591
99416
53897
30199
46421
72726
22038
50602
67383
25558
42041
41416
25074
63619
12953
68989
70560
26249
8065
5816
89533
60925
91489
76047
45099
92467
71180
76953
60751
47717
4729
30418
72850
18483
15427
34778
72352
10653
74569
49654
94892
46315
17198
23662
74314
56902
1370
66830
86100
43804
29463
17349
89286
48255
30676
82088
51618
9959
87238
81232
73581
70508
8930
73592
41840
90540
43301
37152
90840
8427
93836
88877
7734
17358
26524
11622
97215
19519
38299
79896
81037
75532
94933
13812
2236
38056
77816
58380
45358
94729
60568
81145
1704
86088
22028
68920
26002
75748
45743
94344
28731
34655
82624
61453
87859
27071
32962
85745
36912
527
58845
79550
53161
82235
3067
68228
57886
54360
27052
5177
71758
7225
50114
62453
53823
57371
94069
61010
6745
71994
6433
77970
22059
64761
27587
28280
15845
64479
42368
94989
32861
31572
17566
75005
60106
30856
33673
11576
26092
3565
40815
68049
26306
22904
58308
69058
12786
11492
3807
42406
59876
51982
62171
28510
7239
78682
48951
38285
18123
12301
95543
72444
46406
78513
91233
75127
97712
32244
7840
64717
70150
84553
43300
9940
21898
4997
44575
19682
87905
90051
86154
12821
79092
32481
43038
39373
1136
58017
35324
3596
60934
13065
51430
5053
74443
53955
7587
8842
79577
10910
18911
85701
86956
60811
17800
82112
51943
69792
71218
46900
10061
73272
47828
65470
49031
69330
12553
92573
57188
61902
26960
73846
61140
65875
21389
44976
93421
14892
48965
80953
15911
7877
54630
88543
78143
86707
89309
7799
19415
78794
84701
33209
96788
13540
93791
55841
70175
40001
28316
40592
7973
18561
97941
90058
56471
56108
8268
40470
71435
65706
23848
65985
82201
39404
99125
29371
93150
29409
81122
62520
29916
50017
93761
60144
20984
31654
70538
45791
85883
38926
65464
86022
96818
41371
95466
56584
15311
49267
23172
96494
1509
61952
44715
47300
84751
29232
86893
27961
32041
62934
94519
34403
73206
61031
34524
45209
12793
37214
66773
64279
60092
19865
41852
31741
15564
99130
67887
71280
