2
72 461
85 135
1000
64500
22602
37446
97972
78630
75591
63328
64746
94532
51275
12189
64341
85825
63713
36778
27116
18630
99754
28074
93626
57165
39195
75026
1182
85638
59580
99756
7017
13589
68266
71956
48324
89266
76373
80766
21927
10343
4515
33614
92963
99670
96971
36510
40377
40337
30491
8444
14625
47712
41107
81897
59876
15775
99432
22683
15362
43420
62914
38427
37133
36893
68221
86760
73612
56312
96652
90515
99577
2586
90801
15905
78724
63361
3687
17836
42733
45122
62137
43810
43245
77283
15783
75204
71406
37122
81384
67849
72655
91852
29827
37208
4353
54823
8693
4657
3884
54281
61166
13925
2123
31358
77907
34329
31627
13446
67966
33512
46033
11892
43065
14622
80145
76240
91463
18877
57335
46262
83132
93212
7842
89269
15263
13347
39972
70257
37583
4784
1571
76226
93467
17877
87387
23955
33929
54647
86394
89859
30832
68049
47779
8551
43933
74575
41772
92134
19602
23156
64383
61276
27810
98644
24797
67703
47575
85434
1142
79229
76813
65443
14770
74597
7956
55906
18059
88537
45361
85818
17937
31770
33853
53127
4837
5948
77285
21749
88062
66309
47784
41991
27879
3155
76092
3762
37279
9267
42474
6047
67831
40810
39086
58572
70840
84656
23928
95180
44954
13104
11821
79042
99918
87402
92870
56362
58774
12977
20175
91057
3399
76846
23562
44664
96270
15643
36074
1780
52840
62632
10200
12017
39688
62681
54098
45930
95637
9253
17287
38035
29129
92857
13404
24144
32595
93140
32778
40699
70934
98121
92445
45505
15496
29183
7286
46022
65332
14132
51242
11708
78392
2870
18178
39568
5896
61641
16025
36990
31241
70148
53985
39415
62486
60307
68286
22210
89951
20150
82537
2425
7045
60161
50094
53991
37888
45082
40878
62897
84089
47583
5950
30954
44848
5693
61222
37245
62135
93145
35748
33990
93236
9867
1382
96729
36867
79998
9075
98906
95602
4786
40291
95492
3012
95738
93346
53571
87951
96671
45457
3993
23133
45050
12517
64188
6159
41022
97798
92310
10613
37036
10322
35300
31863
57308
45687
68152
84975
77211
47260
49624
23757
33671
48601
37308
10290
25397
55226
68691
10805
49548
39904
10303
20897
39304
70688
37492
44405
10263
43234
27133
60482
64031
60771
78103
17905
3030
11763
25141
96987
64361
11896
79898
6959
89142
92969
9890
12815
98641
97396
90809
88499
79331
56537
93698
56228
30310
37229
50161
75138
57770
17016
62545
22271
16660
93143
25760
13218
65722
13338
52686
1125
31400
33991
32514
69272
8733
7574
80309
76635
31407
52722
43092
88423
98051
2718
54178
87014
82838
44654
28084
66583
53751
66346
64019
82539
35946
75695
31614
9259
87046
23949
37285
80335
9176
81098
25007
44904
57726
63869
40693
7191
99149
25364
62148
34036
77004
6447
60703
4328
96086
26146
29531
66803
56860
28471
41442
75687
58497
93642
11312
84842
92348
40875
47417
82808
46521
21599
55489
47007
46936
58656
82658
77506
86285
85976
26026
57303
38878
40074
22810
70569
91369
79497
2408
29046
52987
83807
44702
849
35161
56296
25593
71073
31515
57108
44682
52769
16236
46536
96184
95678
71948
32637
81981
62300
65966
38624
58309
53105
59866
10833
86258
50441
67468
23172
24538
89664
8467
48451
48647
88747
32755
41321
71990
44879
6915
82088
84217
33896
50096
79524
5237
94404
29625
566
76740
58150
24848
72811
56597
34595
22399
33379
77543
6312
95969
86802
80465
52722
83652
82369
16989
9748
58478
83054
90793
96149
96757
60648
43717
61263
13957
20244
27895
17713
54430
10699
23546
63614
17268
38969
21658
60652
45709
55552
27993
75206
97894
23667
78030
82955
71471
97531
24225
55372
9546
38422
80080
82418
14864
75154
42062
96053
2956
13623
33534
9062
42046
22298
88988
70790
37913
70155
88820
26157
90245
59624
28361
78980
73150
21127
7504
68715
5395
53168
66898
12244
39144
85185
99310
26342
21108
31432
48788
12283
24260
70156
39851
60834
96150
22309
16748
47965
28639
42335
66116
8036
96678
26492
96342
93121
65350
67087
52183
94994
91696
72257
95056
8523
83046
78095
90336
75185
42337
27178
32503
14431
87469
84342
97564
51077
50632
47531
66408
13124
70534
4663
99785
58451
8912
41339
83808
39421
18752
69961
73923
29537
16006
87213
15868
68305
90886
27041
2056
5395
4248
19830
97080
70179
73095
81554
25715
34383
25747
84749
42259
31257
76463
371
5731
2777
51939
21125
14152
29177
17482
19384
76373
84983
5109
79700
67317
20326
93927
69910
83909
43085
20472
14542
86326
60262
86162
94242
17808
55457
51351
1737
77578
88894
66584
32657
65907
26807
3551
77754
99276
67284
65639
99481
91532
86548
73150
77078
34043
17675
56810
43086
39767
18558
73697
88305
15922
23433
23119
16997
91921
77497
7060
61249
18766
83219
48131
32947
36056
44779
16869
57787
41486
20494
65908
72109
86952
19896
5248
29555
9358
73054
84173
32489
29630
23206
19571
28671
99530
23018
51037
79291
51064
30681
2539
88596
61472
47894
15600
25752
39730
51511
11444
47847
7853
6855
147
45301
84137
9700
20412
60780
50734
73697
5586
104
40059
49766
73423
48505
72544
99915
39068
17636
11780
91297
43035
91619
66399
60233
67869
94720
80289
97690
8556
11966
28234
77279
5634
7792
54320
56247
91568
23552
18652
23316
2489
27370
10541
56860
96116
44478
50963
8811
57037
99073
61973
81519
45124
71052
92524
69227
79948
54988
45797
98100
92526
61376
87683
8151
73156
55391
10843
72145
47710
56175
93783
73173
74688
23663
87764
35818
23554
19470
77923
66379
75599
76785
26475
21445
61510
59345
30949
45500
1820
50907
46623
30406
29304
18958
51034
3918
69654
51360
56492
71186
20645
37690
31295
63014
80073
79223
81776
83247
97465
97481
65873
94185
10306
57556
48199
26498
23714
96497
46316
1308
88174
71181
67310
25327
92876
51527
52943
84900
63034
49621
70275
43899
80709
89695
71093
47878
75091
98307
90626
64940
63610
3248
55068
41831
46438
85835
63080
13990
81143
24909
83936
34188
33984
578
82739
59119
73769
90699
11040
13050
96750
38045
52926
43883
4799
77056
4887
28149
23582
89458
38313
99872
24004
29953
33380
11268
65563
97076
92654
81554
65605
60259
7906
65547
63892
4730
81708
23974
63760
57147
42543
17262
19413
83480
70367
29954
54865
6013
18119
16180
57194
25220
22213
82027
78551
66590
82569
36353
22466
51473
7578
77668
