326
849 85
438 -46
211 992
932 -726
774 860
174 -472
585 -125
308 398
997 702
810 -486
969 -952
168 -869
415 -762
987 976
436 -792
298 -899
428 -379
729 469
499 -712
569 184
341 -663
270 128
567 213
16 625
371 -51
611 -559
649 -962
159 -437
760 -126
392 -292
561 32
214 763
741 842
919 915
1 799
657 -370
657 360
64 -990
499 547
334 -461
840 194
621 -823
158 111
223 -664
536 982
959 -29
404 -193
861 -246
436 -930
422 268
390 440
618 -363
588 592
813 932
333 524
286 -431
954 4
434 752
418 -145
586 55
470 748
305 -652
5 167
175 539
602 298
737 387
833 -677
958 -127
13 184
235 568
653 -887
928 -29
547 243
601 446
540 24
191 -950
994 711
676 147
53 -59
722 64
69 245
349 -836
786 -948
364 -122
61 -704
548 -3
740 628
485 802
946 337
723 -33
652 -690
334 940
349 124
906 275
603 -388
272 335
175 -462
739 609
537 699
116 -677
386 771
591 -308
361 -871
828 -261
511 -111
55 -644
690 -46
823 842
646 -993
211 -938
951 -467
312 271
952 424
812 -190
551 -591
695 -561
510 -699
437 -346
76 252
997 -638
154 328
468 -191
671 -707
779 -124
357 363
13 597
449 -403
226 394
574 470
319 771
259 423
564 440
280 637
52 -820
853 664
752 -985
868 -297
629 -72
34 -749
233 976
338 -38
138 907
801 528
863 302
507 27
981 950
677 452
155 519
153 -790
430 -437
901 -976
54 411
420 -61
671 362
459 -640
841 975
637 -121
201 215
304 813
982 -665
486 -393
148 -108
37 345
60 -188
783 -29
34 -420
403 102
158 -36
858 982
84 -251
211 384
148 -91
871 -84
106 73
109 745
551 -67
111 22
238 -904
436 880
456 72
684 119
1 -627
871 438
968 999
718 500
971 236
504 713
433 30
815 -979
806 -264
904 -860
850 -367
15 591
338 758
432 -933
998 -706
735 939
849 -318
289 -359
149 68
681 96
796 -549
580 697
895 -163
413 18
259 171
482 -886
328 -411
733 362
592 399
436 -494
550 -342
337 -48
532 812
978 661
611 199
450 -783
223 -873
30 -449
409 -882
962 -181
923 -594
690 284
247 -88
585 -469
489 -951
581 204
672 -541
544 -799
665 -216
457 349
860 914
649 -968
413 -457
47 -837
268 237
988 705
78 -999
192 551
777 204
19 -648
628 124
132 880
853 -300
646 194
41 963
38 -510
751 -521
639 -641
85 210
254 728
298 -194
901 -214
474 286
884 821
934 50
548 -85
313 145
826 10
836 -175
794 -784
762 203
897 -579
589 -842
882 -455
375 -739
19 954
634 -867
989 -519
57 -827
959 933
964 865
386 61
392 -970
614 -644
701 119
485 -47
222 1
779 -388
684 13
412 148
860 478
662 578
92 -341
330 296
138 -485
607 -953
477 185
695 -705
522 -10
281 -252
832 530
197 160
708 -299
891 13
758 -61
444 -411
930 -616
215 -245
289 473
966 -855
125 755
734 97
264 -528
307 -992
5 333
833 660
286 -551
876 654
301 -153
33 209
290 765
259 490
427 457
695 462
303 -134
120 665
323 -447
180 949
989 86
484 411
428 209
296 -467
637 -405
537 -24
519 -527
382
90859
25225
16114
29599
74185
23590
88274
60165
72611
82352
49353
55120
34576
8194
50528
28319
43914
2941
95428
95732
70194
83780
81607
26453
19210
15552
15612
15405
71769
78076
62206
96168
65931
95689
86570
12826
20399
98396
1664
55961
22231
47531
97830
95647
62363
9108
8453
76009
57558
72983
9290
4154
63367
43510
17318
20153
95026
45820
4879
1038
63901
56211
29341
36457
64915
53676
93293
62428
53380
59548
5058
19836
8323
27257
49343
66595
98567
2913
34094
72433
40650
46259
44828
33862
95789
21971
90074
45386
63442
32650
32670
1894
13505
5765
21504
51144
484
76177
53757
39107
77290
54949
24696
72620
47592
32601
35476
91454
50131
58055
20891
17847
34695
14097
29242
97785
84899
16186
80098
30250
27019
77579
86281
14100
9093
20464
48807
30086
35356
58329
43002
38609
63264
76474
93890
40971
71748
56267
91877
97296
18015
96136
88268
20636
38796
47665
11780
16978
92266
7308
53983
54776
84892
59998
60880
88024
57065
99574
64402
49537
34077
54083
66
81413
77031
63224
51265
71192
81529
21807
11603
91351
51755
50819
52802
25182
62905
71476
18907
14225
37280
90311
22383
32948
87845
95396
22036
89427
32078
52310
76418
16059
36390
55118
58935
1567
84349
69729
51699
45428
49158
63557
16029
16053
78744
39832
29084
17919
85230
11993
60382
4886
95399
74381
99860
39583
32934
20699
79028
66916
59539
1713
24214
47699
95704
42397
8952
25919
7460
53204
96410
63646
35948
95246
70691
72169
2917
19624
55258
71743
5003
52289
24237
11778
35550
49565
6157
32696
96192
62597
67312
11691
92120
15781
53902
17034
59153
56621
99365
27878
51419
90609
68950
15862
82953
18537
2213
24051
6930
34033
30300
16988
38353
87754
43208
78387
35877
63447
45979
88799
28817
91041
84329
14120
35293
27348
28331
55518
39251
27424
5727
64947
48323
15000
42117
63100
65919
37494
62051
36083
41472
97557
3299
86328
94783
31894
81520
28684
84189
61788
39101
6292
51419
6960
4189
29084
71363
33533
1036
87537
49821
87413
11268
57158
56379
4842
83625
66032
88302
22998
81182
87306
97485
94612
83470
19474
90389
16164
79492
84586
84708
60395
60914
97336
10270
10576
14510
19942
43144
73377
10609
90242
35952
89676
23670
2783
3426
65286
61985
56019
96020
64327
16501
6999
28667
41516
11549
88522
51604
45972
72708
23950
57116
38404
19901
29930
35288
387
26300
74854
18351
14526
