500
188 99999999999902654
345 99999999999679454
418 99999999999532661
332 99999999999702578
221 99999999999866012
25 99999999999998362
138 99999999999948090
376 99999999999620506
451 99999999999457351
437 99999999999489950
113 99999999999965270
50 99999999999993308
380 99999999999612530
406 99999999999558658
403 99999999999565060
198 99999999999891993
21 99999999999998848
330 99999999999706072
65 99999999999988360
18 99999999999999160
152 99999999999936792
136 99999999999949602
39 99999999999996052
273 99999999999797263
217 99999999999870700
423 99999999999521601
71 99999999999986072
445 99999999999471434
434 99999999999496816
326 99999999999712994
92 99999999999976717
448 99999999999464409
401 99999999999569300
436 99999999999492245
78 99999999999983172
253 99999999999825384
454 99999999999450236
259 99999999999817212
191 99999999999899496
44 99999999999994900
95 99999999999975223
41 99999999999995613
395 99999999999581894
14 99999999999999492
393 99999999999586060
281 99999999999785422
72 99999999999985675
334 99999999999699073
284 99999999999780903
421 99999999999526049
310 99999999999739865
196 99999999999894161
195 99999999999895239
194 99999999999896308
433 99999999999499093
297 99999999999760759
247 99999999999833390
89 99999999999978160
250 99999999999829402
106 99999999999969356
63 99999999999989084
495 99999999999347868
357 99999999999657231
111 99999999999966467
292 99999999999768602
370 99999999999632305
290 99999999999771709
324 99999999999716433
304 99999999999749625
144 99999999999943399
265 99999999999808798
245 99999999999836029
1 100000000000000000
193 99999999999897374
463 99999999999428619
214 99999999999874161
446 99999999999469097
234 99999999999850194
133 99999999999951839
342 99999999999684866
271 99999999999800176
378 99999999999616528
80 99999999999982293
91 99999999999977204
46 99999999999994398
387 99999999999598390
353 99999999999664740
325 99999999999714714
243 99999999999838647
239 99999999999843834
5 99999999999999930
422 99999999999523826
366 99999999999640084
35 99999999999996836
383 99999999999606502
116 99999999999963420
468 99999999999416411
412 99999999999545738
457 99999999999443070
373 99999999999626435
381 99999999999610527
286 99999999999777865
311 99999999999738222
294 99999999999765478
474 99999999999401584
200 99999999999889818
327 99999999999711270
477 99999999999394075
300 99999999999756013
360 99999999999651564
276 99999999999792851
343 99999999999683071
187 99999999999903700
447 99999999999466754
473 99999999999404069
242 99999999999839946
128 99999999999955454
399 99999999999573517
143 99999999999944197
442 99999999999478413
303 99999999999751233
499 99999999999337316
351 99999999999668460
160 99999999999929849
210 99999999999878710
461 99999999999433456
157 99999999999932494
142 99999999999944989
356 99999999999659114
213 99999999999875305
81 99999999999981847
264 99999999999810219
486 99999999999371179
312 99999999999736576
118 99999999999962158
134 99999999999951097
475 99999999999399089
96 99999999999974720
115 99999999999964044
155 99999999999934232
470 99999999999411499
107 99999999999968786
469 99999999999413958
396 99999999999579805
411 99999999999547902
289 99999999999773259
3 99999999999999978
280 99999999999786922
314 99999999999733275
349 99999999999672146
308 99999999999743140
199 99999999999890907
462 99999999999431042
26 99999999999998230
211 99999999999877578
402 99999999999567181
79 99999999999982736
404 99999999999562931
153 99999999999935944
225 99999999999861248
364 99999999999643932
203 99999999999886520
407 99999999999556516
282 99999999999783921
29 99999999999997816
443 99999999999476095
178 99999999999912872
177 99999999999913867
154 99999999999935092
317 99999999999728286
460 99999999999435869
132 99999999999952572
84 99999999999980499
216 99999999999871859
355 99999999999660995
9 99999999999999789
147 99999999999940968
181 99999999999909854
103 99999999999971030
37 99999999999996458
49 99999999999993591
246 99999999999834710
494 99999999999350490
465 99999999999423748
48 99999999999993869
322 99999999999719848
382 99999999999608515
348 99999999999673976
130 99999999999954026
158 99999999999931614
105 99999999999969918
45 99999999999994650
432 99999999999501367
64 99999999999988726
328 99999999999709542
490 99999999999360889
76 99999999999984028
185 99999999999905771
125 99999999999957533
122 99999999999959545
156 99999999999933364
145 99999999999942597
262 99999999999813039
140 99999999999946550
51 99999999999993015
4 99999999999999955
482 99999999999381406
42 99999999999995382
7 99999999999999868
258 99999999999818589
86 99999999999979578
367 99999999999638149
306 99999999999746399
251 99999999999828067
220 99999999999867190
478 99999999999391557
266 99999999999807373
235 99999999999848936
59 99999999999990464
362 99999999999647757
309 99999999999741503
77 99999999999983604
233 99999999999851449
19 99999999999999061
377 99999999999618519
388 99999999999596353
394 99999999999583981
329 99999999999707810
255 99999999999822677
385 99999999999602454
452 99999999999454986
184 99999999999906798
127 99999999999956155
163 99999999999927147
112 99999999999965871
430 99999999999505896
228 99999999999857620
40 99999999999995836
98 99999999999973704
248 99999999999832065
374 99999999999624464
16 99999999999999337
307 99999999999744772
476 99999999999396584
166 99999999999924394
424 99999999999519374
365 99999999999642011
55 99999999999991781
458 99999999999440674
224 99999999999862445
347 99999999999675805
31 99999999999997513
58 99999999999990799
2 99999999999999992
249 99999999999830734
54 99999999999992096
320 99999999999723240
139 99999999999947324
336 99999999999695546
60 99999999999990126
149 99999999999939309
295 99999999999763908
335 99999999999697312
208 99999999999880955
104 99999999999970476
435 99999999999494535
57 99999999999991132
263 99999999999811631
438 99999999999487647
450 99999999999459706
222 99999999999864831
344 99999999999681267
219 99999999999868367
389 99999999999594309
379 99999999999614531
489 99999999999363472
441 99999999999480729
150 99999999999938474
108 99999999999968213
100 99999999999972659
361 99999999999649665
455 99999999999447851
15 99999999999999419
207 99999999999882073
319 99999999999724927
148 99999999999940142
87 99999999999979108
278 99999999999789899
472 99999999999406552
189 99999999999901605
316 99999999999729957
23 99999999999998617
190 99999999999900555
109 99999999999967635
151 99999999999937638
346 99999999999677631
114 99999999999964660
102 99999999999971583
456 99999999999445461
428 99999999999510417
202 99999999999887624
129 99999999999954745
124 99999999999958208
498 99999999999339965
230 99999999999855172
167 99999999999923464
492 99999999999355704
449 99999999999462060
352 99999999999666604
298 99999999999759181
169 99999999999921587
291 99999999999770156
20 99999999999998956
481 99999999999383957
93 99999999999976220
73 99999999999985270
43 99999999999995144
146 99999999999941785
287 99999999999776333
53 99999999999992409
392 99999999999588132
69 99999999999986852
183 99999999999907821
296 99999999999762336
337 99999999999693777
419 99999999999530466
161 99999999999928957
272 99999999999798722
74 99999999999984860
256 99999999999821320
439 99999999999485342
223 99999999999863641
279 99999999999788412
34 99999999999997018
244 99999999999837339
288 99999999999774800
119 99999999999961514
180 99999999999910865
497 99999999999342606
238 99999999999845122
205 99999999999884300
257 99999999999819958
10 99999999999999743
97 99999999999974216
464 99999999999426186
252 99999999999826729
261 99999999999814439
186 99999999999904740
227 99999999999858834
120 99999999999960865
305 99999999999748016
466 99999999999421308
231 99999999999853935
32 99999999999997355
467 99999999999418862
141 99999999999945771
61 99999999999989782
94 99999999999975722
267 99999999999805944
270 99999999999801625
440 99999999999483036
237 99999999999846400
500 99999999999334662
13 99999999999999564
459 99999999999438274
173 99999999999917770
338 99999999999692002
323 99999999999718145
496 99999999999345238
126 99999999999956849
444 99999999999473768
283 99999999999782415
425 99999999999517140
358 99999999999655346
405 99999999999560796
66 99999999999987993
168 99999999999922528
390 99999999999592257
201 99999999999888726
174 99999999999916804
426 99999999999514905
83 99999999999980950
313 99999999999734928
413 99999999999543573
170 99999999999920638
339 99999999999690226
277 99999999999791376
192 99999999999898436
400 99999999999571413
340 99999999999688442
372 99999999999628396
165 99999999999925318
274 99999999999795796
371 99999999999630352
331 99999999999704326
175 99999999999915832
302 99999999999752834
301 99999999999754427
24 99999999999998492
85 99999999999980042
101 99999999999972126
88 99999999999978635
28 99999999999997961
30 99999999999997669
226 99999999999860043
171 99999999999919685
429 99999999999508158
369 99999999999634255
318 99999999999726607
67 99999999999987619
487 99999999999368614
368 99999999999636204
410 99999999999550059
209 99999999999879835
33 99999999999997190
483 99999999999378853
176 99999999999914853
70 99999999999986465
75 99999999999984446
8 99999999999999830
6 99999999999999901
285 99999999999779388
236 99999999999847671
229 99999999999856401
11 99999999999999687
62 99999999999989434
179 99999999999911870
56 99999999999991458
82 99999999999981400
321 99999999999721546
479 99999999999389029
123 99999999999958878
159 99999999999930733
315 99999999999731619
240 99999999999842540
254 99999999999824031
408 99999999999554366
182 99999999999908841
110 99999999999967054
299 99999999999757598
52 99999999999992717
135 99999999999950352
131 99999999999953301
241 99999999999841244
164 99999999999926237
341 99999999999686655
137 99999999999948848
204 99999999999885411
117 99999999999962793
36 99999999999996651
47 99999999999994138
350 99999999999670307
493 99999999999353102
206 99999999999883187
17 99999999999999252
398 99999999999575617
275 99999999999794325
27 99999999999998097
333 99999999999700826
12 99999999999999630
386 99999999999600424
391 99999999999590198
90 99999999999977683
38 99999999999996258
22 99999999999998734
268 99999999999804508
218 99999999999869537
415 99999999999539226
431 99999999999503633
480 99999999999386498
484 99999999999376298
354 99999999999662872
269 99999999999803067
172 99999999999918728
375 99999999999622489
384 99999999999604483
397 99999999999577715
293 99999999999767044
453 99999999999452612
409 99999999999552215
215 99999999999873012
232 99999999999852697
212 99999999999876445
488 99999999999366045
121 99999999999960209
427 99999999999512666
68 99999999999987237
420 99999999999528262
417 99999999999534854
471 99999999999409030
162 99999999999928056
414 99999999999541402
359 99999999999653457
363 99999999999645845
260 99999999999815830
416 99999999999537045
99 99999999999973186
491 99999999999358299
485 99999999999373740
197 99999999999893078
1000
89341
5275
54482
9348
77420
91610
15663
64459
50407
77532
28666
70881
90652
76589
76519
52684
29899
18512
38787
37641
62633
30298
86283
49160
61822
21300
47570
60619
58631
66108
4127
81419
36532
48900
80428
90195
33707
97618
97864
6723
61443
64191
87382
68590
7242
75064
12
70012
66944
17184
27413
16617
2554
22476
70704
59108
34560
92485
98062
15121
13166
31082
55511
49256
98839
14603
83462
27027
87645
8463
55625
27380
15579
97999
37442
66108
96220
42265
80424
36053
58976
49390
93127
77402
49118
1124
51995
23994
80861
75780
70745
7544
64985
7117
53031
95981
88005
63727
59775
87045
56867
17457
98160
48542
77645
38476
99069
90284
62736
6542
91004
55416
37388
29080
97047
70364
6229
14272
54383
48456
52533
43088
61332
90241
87335
94117
16558
73948
35774
92913
80728
79015
64188
70137
44959
25089
61211
50135
91047
47261
55464
21401
4102
91363
88002
55392
36743
75535
70592
83170
4201
80560
7848
46057
95326
82218
62745
60562
45932
26933
14082
1423
99663
44219
13320
59365
12789
99422
36964
67919
7072
368
82915
20601
56776
6392
48228
74565
52535
58612
36382
66058
88427
57842
13751
9936
34039
85205
53037
1237
10946
20118
33585
65707
69926
39521
94152
70647
47794
16564
79177
64788
94537
17667
60577
60558
48929
34423
43601
7432
7333
16778
62735
24630
58196
13388
91329
13091
30719
24065
99237
98989
54254
10273
45964
62596
53500
50295
79738
4335
35671
26435
30120
17638
57985
96248
21251
36601
14674
27518
19050
74535
33299
10993
85523
76168
70628
54112
96582
30820
80151
94543
33825
51738
69554
30101
83186
44346
9617
41663
25824
6283
43843
51435
2947
39654
24584
12142
85191
89752
73497
85679
39982
41508
24832
19465
32746
52191
26075
98669
9479
44659
92669
65374
40287
66844
97390
19731
8516
52846
62662
68504
11577
89037
90358
43245
84409
9427
9279
17669
9455
70893
94136
45961
20636
5343
32588
66067
54357
18908
59354
1043
7234
33006
81268
88525
52065
28468
81504
32729
18976
95135
59898
76098
76454
32148
97872
28744
14571
10797
59780
51006
90267
46136
82158
18412
21463
76726
12504
14158
22835
48797
32704
92883
54233
89175
68793
67743
99333
33633
5002
75241
97224
5517
1613
9118
30598
14784
27089
24412
62967
88532
64345
37784
14185
99831
13883
61720
79676
52203
91362
13050
64037
9060
15757
49708
75788
71117
64173
38833
14254
47203
25803
43842
94075
18168
47551
45994
56249
29361
86074
62473
93663
36073
87389
91283
86075
74060
33664
62094
50381
88317
47500
20119
90953
37616
43425
11422
63257
30352
32657
70053
88473
71674
21251
48357
57209
64320
33745
51880
41695
69480
81322
2928
78370
37899
34641
52719
12112
87798
31772
19629
62729
24524
98198
31270
46369
80417
20925
56169
88162
56097
61956
82586
10600
86951
11346
14256
59171
92774
4706
86072
67640
13764
99585
39760
3584
77210
65811
18157
33352
82005
79983
66037
9744
27544
48702
55142
87372
49784
32032
11693
95718
58174
99463
23024
95417
85065
71673
3269
39384
69449
82194
76792
64869
48869
74944
65609
33114
68758
34853
95339
68932
76298
66041
93799
36322
56354
64422
82967
12810
91668
17930
46859
67013
67561
22648
39335
11279
83392
73975
88515
53432
60938
79521
72586
96197
3116
55174
83580
78255
24448
84039
83084
84322
66676
43739
94626
85472
69193
7021
1081
21788
32565
87835
30914
14368
75170
68089
47584
38311
8236
28076
16010
81347
5607
16336
12461
42200
4023
93331
90503
24703
71351
45751
56173
56196
13875
2612
86246
93801
27789
21971
15309
5505
97915
14004
3026
27893
27751
99657
64314
18979
50670
43897
16763
64281
83842
9054
59777
79454
25256
28775
62188
82794
7931
11671
42927
83466
78055
24164
47155
55805
3502
78361
73010
95833
85735
93492
27452
66054
95514
98536
11189
96353
91813
44764
67253
11771
69754
18027
3527
83608
76382
13986
48906
55313
69420
74598
34611
98962
17232
22955
74697
20380
64461
71101
58472
74244
82488
92571
69215
96082
82682
37719
62578
44900
47793
32343
85528
4680
86767
10871
62429
76485
3418
34821
13826
5619
38027
7716
48344
46910
85807
47114
82697
33671
54185
47969
73807
98563
45710
72329
75675
20698
25063
48693
34031
2441
90770
57322
37156
13889
80610
4035
61701
74629
95515
24015
41266
52016
46359
60561
56447
23437
56707
26911
10834
4861
74082
14724
44680
46965
42249
60575
48112
77085
6753
12098
80078
54130
49769
81971
16506
19396
5234
55918
61119
23097
29249
54497
77500
30280
44304
12910
45094
16703
31340
60621
5732
52318
96984
82887
74258
87354
13802
21180
13759
64635
39657
61374
92782
37309
43125
18996
10617
88659
10463
57688
97257
74879
89964
80377
86911
49020
19158
78938
99535
96661
27627
46929
5120
82154
49324
457
2509
96306
97103
9280
58918
24532
74046
50634
25936
98541
3990
15532
38401
5229
73545
8513
76101
19353
70428
53049
15420
28651
24202
77269
25785
81581
13663
24780
57764
17282
23645
4106
39673
58238
96154
40139
59879
37160
86112
62180
84243
32575
60525
58267
70226
9586
51568
44682
96690
75559
72562
55872
89425
85589
83466
84383
26468
70217
28776
36287
5426
74149
30443
26026
67799
21852
87211
84702
42978
36760
78608
46318
82966
17557
3256
22369
81933
1763
96469
64626
24336
30183
65037
6158
16192
18586
19993
60537
59313
78921
58630
60265
72297
44435
91287
77001
66726
5454
27968
70680
26933
78883
53741
91528
27196
39341
52889
73855
80561
29150
63479
42841
96224
35899
44813
38724
22984
7195
24980
81890
95103
95883
52825
53867
83914
72109
27071
49960
31622
87924
41275
24921
73378
11081
98039
95952
482
62154
65967
27892
93438
87942
49687
42143
22688
11426
82131
29536
94954
94391
81789
41370
78542
48753
99522
90371
17908
84529
37029
6342
60503
3692
57883
93090
88456
70699
12782
11560
94698
72457
31291
5696
31412
10776
8243
99141
56242
78492
6397
16388
49349
64942
28946
56930
77054
20954
80160
42515
81063
56737
42856
23235
89978
37976
9697
49809
84775
12775
97298
41647
85907
78444
5755
45476
21364
48085
82669
82506
3734
3817
33293
47056
93336
14880
81781
67352
12976
93158
15475
53050
1763
25852
4681
23328
98766
66679
33675
21096
57792
64415
63780
44805
43901
96145
87601
27102
51548
1214
3012
30542
25322
97770
84930
58274
7590
