500
25 99999999999963703
332 99999999993140923
223 99999999996908807
483 99999999985451718
121 99999999999094488
151 99999999998585639
144 99999999998714043
425 99999999988749984
29 99999999999950864
310 99999999994019842
97 99999999999420951
155 99999999998509521
113 99999999999211383
207 99999999997336596
375 99999999991246736
49 99999999999856469
8 99999999999996512
67 99999999999727862
238 99999999996478939
83 99999999999578539
80 99999999999609158
172 99999999998163420
169 99999999998227173
464 99999999986578506
108 99999999999280245
201 99999999997489083
284 99999999994983037
69 99999999999711022
299 99999999994437403
279 99999999995158616
43 99999999999890203
257 99999999995893306
188 99999999997804305
317 99999999993746418
290 99999999994768130
433 99999999988320425
118 99999999999139343
397 99999999990187250
163 99999999998351247
374 99999999991293482
424 99999999988803078
129 99999999998969473
66 99999999999736102
324 99999999993467225
356 99999999992112965
60 99999999999783001
369 99999999991525272
307 99999999994135174
88 99999999999525073
93 99999999999468495
116 99999999999168550
376 99999999991199842
358 99999999992023946
15 99999999999987140
253 99999999996020540
365 99999999991708380
498 99999999984528998
220 99999999996991497
39 99999999999910067
447 99999999987548747
411 99999999989481459
199 99999999997538939
197 99999999997588270
339 99999999992848868
469 99999999986286397
350 99999999992376792
142 99999999998749656
285 99999999994947558
146 99999999998677980
451 99999999987323733
70 99999999999702407
303 99999999994287217
260 99999999995796664
292 99999999994695493
209 99999999997284817
352 99999999992289348
212 99999999997206313
150 99999999998604374
36 99999999999923577
230 99999999996711651
460 99999999986810143
401 99999999989988172
139 99999999998802175
192 99999999997709477
247 99999999996207495
44 99999999999884891
416 99999999989223194
305 99999999994211431
104 99999999999333079
408 99999999989634798
467 99999999986403626
11 99999999999993211
229 99999999996740199
134 99999999998887269
315 99999999993825180
320 99999999993627480
497 99999999984591387
250 99999999996114626
231 99999999996682962
130 99999999998953290
21 99999999999974596
441 99999999987882468
334 99999999993058105
162 99999999998371483
490 99999999985024640
420 99999999989014198
267 99999999995566929
419 99999999989066635
430 99999999988482511
330 99999999993223234
105 99999999999320071
407 99999999989685641
473 99999999986050435
402 99999999989938077
479 99999999985692829
180 99999999997987948
185 99999999997874101
228 99999999996768598
452 99999999987267181
311 99999999993981175
184 99999999997897124
28 99999999999954273
82 99999999999588859
99 99999999999396439
436 99999999988157140
398 99999999990137670
426 99999999988696772
300 99999999994400038
337 99999999992932963
245 99999999996268709
454 99999999987153718
276 99999999995262430
392 99999999990433321
486 99999999985269466
240 99999999996419515
170 99999999998206030
336 99999999992974787
176 99999999998076710
81 99999999999599065
412 99999999989430049
434 99999999988266136
322 99999999993547586
388 99999999990627934
342 99999999992721677
314 99999999993864376
153 99999999998547818
183 99999999997920042
135 99999999998870475
286 99999999994911941
132 99999999998920523
468 99999999986345075
18 99999999999981415
475 99999999985931726
147 99999999998659784
33 99999999999936003
106 99999999999306916
42 99999999999895382
410 99999999989532721
480 99999999985632765
233 99999999996625259
302 99999999994324946
481 99999999985572555
318 99999999993706880
148 99999999998641444
255 99999999995957162
149 99999999998622961
274 99999999995330986
63 99999999999760126
10 99999999999994417
482 99999999985512204
340 99999999992806615
168 99999999998248190
346 99999999992550188
51 99999999999844215
435 99999999988211706
308 99999999994096842
72 99999999999684835
328 99999999993305063
335 99999999993016501
141 99999999998767294
165 99999999998310391
205 99999999997387895
338 99999999992890990
196 99999999997612749
37 99999999999919206
85 99999999999557535
65 99999999999744234
232 99999999996654167
22 99999999999972049
393 99999999990384347
59 99999999999790343
459 99999999986867757
465 99999999986520323
90 99999999999502794
140 99999999998784792
265 99999999995633198
282 99999999995053632
182 99999999997942821
457 99999999986982541
158 99999999998451160
2 99999999999999897
193 99999999997685464
378 99999999991105670
248 99999999996176684
226 99999999996825048
208 99999999997310770
264 99999999995666131
92 99999999999480050
76 99999999999648116
55 99999999999818305
495 99999999984715796
373 99999999991340098
221 99999999996964073
68 99999999999719516
269 99999999995500150
75 99999999999657498
280 99999999995123745
323 99999999993507469
325 99999999993426863
333 99999999993099589
249 99999999996145727
133 99999999998903963
349 99999999992420307
206 99999999997362298
418 99999999989118950
266 99999999995600122
485 99999999985330354
463 99999999986636588
428 99999999988589915
242 99999999996359577
404 99999999989837472
112 99999999999225414
313 99999999993903433
54 99999999999824959
35 99999999999927837
437 99999999988102455
442 99999999987827164
450 99999999987380162
17 99999999999983447
476 99999999985872205
114 99999999999197216
236 99999999996537862
6 99999999999998164
283 99999999995018390
246 99999999996238169
187 99999999997827688
154 99999999998528725
173 99999999998141903
94 99999999999456793
297 99999999994511791
227 99999999996796877
160 99999999998411572
166 99999999998289779
359 99999999991979254
214 99999999997153334
395 99999999990286047
71 99999999999693673
202 99999999997463962
218 99999999997045969
225 99999999996853078
26 99999999999960680
422 99999999988908913
164 99999999998330886
345 99999999992593262
61 99999999999775514
362 99999999991844385
126 99999999999017295
213 99999999997179888
372 99999999991386595
427 99999999988643416
471 99999999986168650
84 99999999999568097
4 99999999999999302
316 99999999993785850
243 99999999996329392
262 99999999995731648
195 99999999997637121
216 99999999997099883
278 99999999995193337
272 99999999995398999
50 99999999999850414
326 99999999993386378
57 99999999999804613
178 99999999998032584
344 99999999992636197
387 99999999990676265
109 99999999999266747
53 99999999999831490
440 99999999987937649
273 99999999995365045
204 99999999997413361
40 99999999999905306
370 99999999991479181
181 99999999997965458
309 99999999994058401
413 99999999989378521
64 99999999999752240
177 99999999998054719
100 99999999999384017
261 99999999995764223
241 99999999996389617
38 99999999999914690
179 99999999998010333
131 99999999998936977
32 99999999999939883
421 99999999988961621
117 99999999999154012
145 99999999998696070
86 99999999999546840
405 99999999989786995
351 99999999992333136
235 99999999996567106
439 99999999987992726
291 99999999994731872
394 99999999990335257
251 99999999996083383
123 99999999999063964
277 99999999995227958
46 99999999999873897
357 99999999992068523
115 99999999999182938
444 99999999987716208
111 99999999999239307
124 99999999999048537
215 99999999997126661
382 99999999990915984
472 99999999986109598
409 99999999989583833
417 99999999989171141
275 99999999995296777
14 99999999999988827
294 99999999994622410
24 99999999999966615
174 99999999998120286
445 99999999987660521
304 99999999994249375
499 99999999984466478
210 99999999997258760
239 99999999996449277
127 99999999999001489
34 99999999999931979
23 99999999999969382
58 99999999999797552
384 99999999990820493
364 99999999991753843
200 99999999997514074
446 99999999987604689
429 99999999988536282
448 99999999987492663
327 99999999993345788
403 99999999989887840
159 99999999998431438
455 99999999987096800
13 99999999999990404
287 99999999994876199
224 99999999996880993
321 99999999993587597
319 99999999993667231
295 99999999994585679
9 99999999999995518
152 99999999998566781
222 99999999996936514
171 99999999998184787
89 99999999999514002
252 99999999996052020
91 99999999999491482
371 99999999991432955
189 99999999997780778
489 99999999985086028
203 99999999997438724
16 99999999999985344
78 99999999999628919
198 99999999997563663
191 99999999997733383
377 99999999991152814
449 99999999987436478
341 99999999992764215
219 99999999997018797
306 99999999994173374
493 99999999984839700
331 99999999993182151
296 99999999994548808
368 99999999991571257
138 99999999998819420
414 99999999989326887
354 99999999992201425
288 99999999994840314
389 99999999990579474
167 99999999998269057
484 99999999985391093
128 99999999998985538
500 99999999984403821
458 99999999986925221
96 99999999999433046
474 99999999985991139
396 99999999990236712
348 99999999992463711
400 99999999990038138
30 99999999999947330
379 99999999991058411
234 99999999996596244
74 99999999999666746
103 99999999999345985
20 99999999999977005
62 99999999999767878
367 99999999991617093
73 99999999999675855
281 99999999995088756
488 99999999985147306
268 99999999995533611
423 99999999988856060
45 99999999999879459
259 99999999995828994
3 99999999999999658
101 99999999999371478
190 99999999997757146
270 99999999995466560
360 99999999991934431
431 99999999988428627
406 99999999989736380
122 99999999999079289
355 99999999992157268
56 99999999999811524
353 99999999992245441
271 99999999995432847
432 99999999988374595
258 99999999995861217
211 99999999997232592
363 99999999991799165
157 99999999998470735
399 99999999990087973
110 99999999999253100
77 99999999999638585
254 99999999995988920
47 99999999999868222
161 99999999998391583
156 99999999998490192
312 99999999993942378
194 99999999997661346
491 99999999984963109
366 99999999991662809
496 99999999984653646
361 99999999991889463
137 99999999998836544
175 99999999998098568
443 99999999987771760
79 99999999999619109
19 99999999999979266
289 99999999994804282
453 99999999987210507
256 99999999995925293
380 99999999991011038
136 99999999998853564
31 99999999999943659
41 99999999999900413
217 99999999997072993
386 99999999990724471
95 99999999999444991
492 99999999984901455
478 99999999985752759
466 99999999986462038
415 99999999989275113
494 99999999984777816
438 99999999988047656
462 99999999986694566
27 99999999999957547
1 100000000000000000
329 99999999993264209
470 99999999986227589
143 99999999998731914
125 99999999999032968
487 99999999985208449
456 99999999987039734
343 99999999992679003
301 99999999994362545
102 99999999999358789
263 99999999995698946
107 99999999999293643
119 99999999999124525
383 99999999990868298
293 99999999994659006
98 99999999999408754
477 99999999985812557
120 99999999999109571
461 99999999986752406
12 99999999999991865
87 99999999999536028
347 99999999992507001
390 99999999990530875
5 99999999999998796
52 99999999999837911
48 99999999999862408
298 99999999994474653
391 99999999990482173
186 99999999997850967
381 99999999990963563
7 99999999999997403
244 99999999996299101
385 99999999990772552
237 99999999996508470
1000
34205
70837
66031
9411
33086
82331
63781
42774
77579
61823
75864
30530
40811
45282
5161
24208
23705
72858
42799
55136
57509
38637
74577
14308
9780
34361
79600
85155
76444
45775
1946
48247
71017
83187
17304
9167
8475
67998
60641
26766
97733
91868
58660
39722
58224
65967
40227
70222
88566
37514
54738
57048
20839
83798
63964
90363
56807
17488
60414
19327
96878
6153
92106
60892
14151
57669
49670
36259
25009
1085
56619
44789
15553
81629
72070
31113
83198
73862
53785
69578
58756
78061
63547
18807
38018
11034
77556
17474
78140
92618
56675
33554
21097
26926
29112
79937
64181
56714
97785
44957
43329
73782
40289
34763
84382
42785
86909
76896
88726
29193
87181
20070
73795
33316
21545
4382
91542
53274
73049
47224
77873
33384
30236
38396
6221
14046
32706
35556
55509
70402
60242
85888
1481
39916
58981
40976
38205
31976
80457
66542
58839
45431
57439
1666
93428
4269
16284
17035
56899
79476
44524
38173
67624
99592
3595
63165
92539
92506
65834
16647
37543
10221
92464
10537
90315
58012
29846
40389
32732
18194
34666
58067
30753
39088
56781
69020
24790
82666
43637
85280
27882
20874
7468
7505
21440
64140
5806
4374
95346
50785
64847
93257
92745
98508
81331
59289
83558
39240
38484
1801
70493
15967
77696
60719
27029
30164
91385
19894
777
34395
18547
15260
39689
58684
34649
93621
45690
34195
5320
22278
35090
25683
82001
79115
56669
25406
57468
56561
77595
95694
61056
32252
55231
96720
12
23203
89137
15812
39202
80175
29197
95422
87510
79456
78882
97704
26867
98792
84564
75742
52182
95629
86811
64656
16529
34123
64450
62019
41961
82128
87976
9456
67001
415
72866
67428
79373
42381
20087
86239
87848
23047
78627
30933
50206
70634
501
51664
91066
25994
16528
77547
70938
71244
47566
15448
99374
39659
99832
72700
71420
74454
5743
19086
57855
65104
1767
26107
22531
16976
8070
53445
30731
6495
13290
87679
78124
64412
47936
32979
70351
35035
16238
8188
11410
20577
65770
92300
76904
36682
14016
1639
65973
43556
51311
61030
74226
1041
24205
17302
31919
77545
41983
83286
71756
35253
63874
2524
52735
3925
34437
3025
67953
11067
17260
59280
51137
95598
7599
46027
80831
55016
36376
24166
71026
13721
71529
26170
43987
32001
49236
53844
1872
9849
31361
83315
48010
94859
63275
109
98391
41270
70627
32906
12480
13067
83148
51912
39460
41618
5085
98006
35252
1254
62978
49881
53557
32277
36187
76329
4065
64385
38972
59029
51590
1537
45068
79515
44005
82465
56262
65937
75028
27229
35130
67039
46653
65674
74797
22754
27453
95406
54037
70059
75813
1763
23710
96574
34493
89784
37063
24372
83708
91216
56518
16025
30897
27840
71584
99342
4829
81077
70834
50728
70711
66412
74987
93999
38182
28953
70767
25440
19115
53505
86805
91884
50612
59295
31946
93047
78858
97666
76781
33625
15236
99693
8400
25504
97329
67127
13565
18124
40851
84233
26863
47218
8606
14786
20405
49210
2077
98262
11090
51745
66222
99723
78399
86264
76321
67546
29320
2275
96316
4148
10475
99546
56314
36507
59324
61355
53575
14660
96036
46902
5958
81660
4701
64176
80267
27968
20792
34241
41858
50307
96151
71270
38118
59596
30515
29679
30090
38933
2743
1858
57876
55181
38531
89334
54685
75831
45610
15929
63410
88457
9652
58891
66102
71022
73597
60161
84830
15716
37524
23907
20723
56863
51773
47565
73236
36068
69615
3954
74801
55151
86551
12532
9745
21422
47764
87982
4013
94723
61656
55690
74482
4741
33709
9003
18819
18688
68494
60581
86421
66512
98185
8032
64306
73866
50084
70968
95447
28884
80213
67584
34965
58792
49193
49626
6195
38261
44350
66880
30602
7390
12616
35327
71208
30777
47728
83639
86446
64624
39728
64892
32626
80228
59384
70808
10174
20069
6669
54950
7823
20315
88292
99897
48918
68992
91499
67731
17115
95300
28737
92526
37653
91336
75257
26295
59251
78755
78811
69453
67318
26336
4611
65223
2356
90878
84160
5451
80087
63759
96246
84152
97020
41273
91837
2717
79797
64056
47647
80863
32967
76858
34718
2999
80717
65761
29356
69778
61843
93701
99280
24431
82171
77360
53704
58628
14236
49504
58946
91194
53214
1896
46113
24844
92511
96687
4286
79596
73489
24463
9989
93823
65817
54903
30900
57020
82162
1002
79711
6256
1512
10398
43695
13628
39454
26398
68126
94709
61864
73864
79004
7076
22001
75824
78765
41284
16439
41531
60969
95239
19242
89477
66011
71217
34736
5692
65923
18075
67620
48226
73268
60145
86067
87310
38006
25557
93149
66956
30629
61306
21722
25177
40176
86953
29618
74920
73115
55423
21028
96831
45053
81837
6752
9690
82435
55095
48781
60615
27691
75414
55396
56361
42026
32406
29970
18838
76551
30712
83034
5337
28253
58129
66449
31408
23453
7434
47649
80750
74889
55230
61766
84410
62139
85182
31860
14511
11292
33904
34255
85882
87725
27308
35153
87135
36705
27422
83111
68917
99905
1415
95252
29669
3591
2940
75277
55823
73955
55109
90524
46212
99129
76223
49854
14029
54401
52955
7044
26243
72198
47357
13814
6261
62760
43741
87499
46821
93370
87689
59666
70347
57604
43233
23852
82416
34274
19834
53455
87093
94883
21980
549
21098
77003
98372
50059
12791
28369
55779
79506
74550
64578
8572
62178
22262
10236
2698
39666
45082
89876
61592
52209
96856
86640
13799
25376
76379
71470
75212
36918
30626
6715
83311
30651
26974
28509
23372
99597
23320
30058
85430
59710
56552
22446
17775
56243
84639
34025
48594
54599
34526
46607
47466
2822
60061
4358
79448
71250
66725
34027
99792
74370
20502
52429
3388
83550
6466
67057
50264
74148
21328
77004
48404
28582
26074
11020
82070
16682
143
7824
36213
41161
8402
91915
20095
87248
73881
31077
21267
51234
88270
33658
73832
74035
91410
67577
96677
91982
15637
84550
66822
98705
61951
46328
57022
85836
50027
30204
21263
51910
81350
21616
18931
38584
87348
63721
54583
30127
60652
50765
5851
52366
50839
22266
10291
90538
9429
64381
68393
33356
41591
69660
43768
71891
67686
99117
86034
99407
21787
81020
51068
76359
77093
2857
90829
44948
75174
55719
33714
45988
52726
48863
80461
89368
46591
36523
70385
85926
38751
78331
58408
96119
4777
50291
11501
20394
25316
15851
25842
19823
65482
30638
35740
92909
28427
97851
89026
42686
75783
