500
192 99999999999981473
64 99999999999997921
251 99999999999968375
228 99999999999973895
424 99999999999909901
346 99999999999939970
76 99999999999997075
381 99999999999927230
258 99999999999966590
211 99999999999977635
329 99999999999945716
322 99999999999947998
301 99999999999954550
247 99999999999969373
495 99999999999877241
99 99999999999995051
89 99999999999995996
432 99999999999906473
115 99999999999993331
367 99999999999932473
93 99999999999995630
449 99999999999898976
88 99999999999996085
178 99999999999984070
372 99999999999930623
405 99999999999917786
371 99999999999930995
314 99999999999950546
364 99999999999933571
140 99999999999990131
406 99999999999917380
130 99999999999991486
440 99999999999902981
487 99999999999881173
274 99999999999962326
387 99999999999924923
356 99999999999936455
127 99999999999991873
430 99999999999907336
158 99999999999987440
164 99999999999986471
183 99999999999983165
423 99999999999910325
485 99999999999882146
75 99999999999997151
418 99999999999912430
283 99999999999959815
252 99999999999968123
207 99999999999978473
31 99999999999999505
141 99999999999989990
411 99999999999915335
480 99999999999884561
182 99999999999983348
447 99999999999899873
67 99999999999997723
351 99999999999938225
142 99999999999989848
8 99999999999999965
68 99999999999997655
361 99999999999934660
193 99999999999981280
28 99999999999999595
308 99999999999952415
168 99999999999985805
475 99999999999886951
210 99999999999977846
436 99999999999904735
133 99999999999991090
94 99999999999995536
445 99999999999900766
416 99999999999913265
34 99999999999999406
401 99999999999919400
176 99999999999984425
221 99999999999975470
20 99999999999999791
114 99999999999993446
478 99999999999885520
452 99999999999897623
72 99999999999997373
138 99999999999990410
419 99999999999912011
335 99999999999943721
302 99999999999954248
26 99999999999999650
48 99999999999998825
459 99999999999894431
244 99999999999970111
326 99999999999946700
349 99999999999938926
104 99999999999994541
198 99999999999980300
299 99999999999955151
15 99999999999999881
222 99999999999975248
202 99999999999979498
298 99999999999955450
172 99999999999985123
194 99999999999981086
184 99999999999982981
272 99999999999962873
296 99999999999956045
37 99999999999999298
112 99999999999993673
437 99999999999904298
17 99999999999999848
338 99999999999942710
262 99999999999965548
113 99999999999993560
57 99999999999998348
174 99999999999984776
128 99999999999991745
246 99999999999969620
404 99999999999918191
408 99999999999916565
74 99999999999997226
398 99999999999920600
126 99999999999992000
108 99999999999994115
231 99999999999973205
451 99999999999898075
463 99999999999892585
310 99999999999951796
300 99999999999954851
306 99999999999953030
212 99999999999977423
233 99999999999972740
268 99999999999963955
403 99999999999918595
16 99999999999999865
149 99999999999988826
102 99999999999994748
271 99999999999963145
199 99999999999980101
50 99999999999998726
254 99999999999967616
323 99999999999947675
117 99999999999993098
2 99999999999999998
208 99999999999978265
32 99999999999999473
25 99999999999999676
347 99999999999939623
489 99999999999880196
47 99999999999998873
134 99999999999990956
397 99999999999920998
280 99999999999960661
3 99999999999999995
215 99999999999976781
360 99999999999935021
399 99999999999920201
201 99999999999979700
229 99999999999973666
483 99999999999883115
396 99999999999921395
414 99999999999914096
105 99999999999994436
444 99999999999901211
474 99999999999887426
167 99999999999985973
320 99999999999948641
163 99999999999986635
284 99999999999959531
213 99999999999977210
393 99999999999922580
285 99999999999959246
60 99999999999998171
477 99999999999885998
479 99999999999885041
87 99999999999996173
273 99999999999962600
333 99999999999944390
217 99999999999976348
313 99999999999950860
500 99999999999874751
33 99999999999999440
24 99999999999999701
216 99999999999976565
145 99999999999989416
420 99999999999911591
287 99999999999958673
439 99999999999903421
472 99999999999888373
434 99999999999905606
468 99999999999890255
496 99999999999876745
378 99999999999928370
366 99999999999932840
455 99999999999896261
281 99999999999960380
290 99999999999957806
266 99999999999964490
409 99999999999916156
413 99999999999914510
448 99999999999899425
62 99999999999998048
42 99999999999999098
186 99999999999982610
116 99999999999993215
185 99999999999982796
209 99999999999978056
135 99999999999990821
292 99999999999957223
78 99999999999996920
305 99999999999953336
394 99999999999922186
13 99999999999999910
169 99999999999985636
118 99999999999992980
220 99999999999975691
103 99999999999994645
481 99999999999884080
111 99999999999993785
132 99999999999991223
153 99999999999988220
355 99999999999936811
456 99999999999895805
206 99999999999978680
309 99999999999952106
12 99999999999999923
391 99999999999923365
392 99999999999922973
324 99999999999947351
190 99999999999981856
278 99999999999961220
341 99999999999941690
56 99999999999998405
369 99999999999931736
441 99999999999902540
120 99999999999992741
41 99999999999999140
269 99999999999963686
237 99999999999971798
137 99999999999990548
155 99999999999987911
288 99999999999958385
362 99999999999934298
146 99999999999989270
294 99999999999956636
51 99999999999998675
195 99999999999980891
36 99999999999999335
204 99999999999979091
188 99999999999982235
428 99999999999908195
79 99999999999996841
23 99999999999999725
327 99999999999946373
14 99999999999999896
384 99999999999926081
334 99999999999944056
21 99999999999999770
71 99999999999997445
275 99999999999962051
458 99999999999894890
97 99999999999995248
91 99999999999995815
389 99999999999924146
5 99999999999999986
110 99999999999993896
121 99999999999992620
179 99999999999983891
295 99999999999956341
249 99999999999968876
245 99999999999969866
373 99999999999930250
490 99999999999879706
129 99999999999991616
59 99999999999998231
165 99999999999986306
282 99999999999960098
170 99999999999985466
465 99999999999891656
58 99999999999998290
410 99999999999915746
84 99999999999996431
438 99999999999903860
230 99999999999973436
388 99999999999924535
421 99999999999911170
9 99999999999999956
81 99999999999996680
82 99999999999996598
162 99999999999986798
30 99999999999999536
303 99999999999953945
325 99999999999947026
66 99999999999997790
232 99999999999972973
1 100000000000000000
316 99999999999949915
365 99999999999933206
492 99999999999878723
27 99999999999999623
109 99999999999994006
291 99999999999957515
265 99999999999964756
491 99999999999879215
415 99999999999913681
412 99999999999914923
488 99999999999880685
345 99999999999940316
370 99999999999931366
218 99999999999976130
498 99999999999875750
353 99999999999937520
122 99999999999992498
6 99999999999999980
379 99999999999927991
160 99999999999987121
19 99999999999999811
462 99999999999893048
315 99999999999950231
180 99999999999983711
264 99999999999965021
226 99999999999974350
18 99999999999999830
263 99999999999965285
148 99999999999988975
460 99999999999893971
461 99999999999893510
203 99999999999979295
453 99999999999897170
205 99999999999978886
342 99999999999941348
131 99999999999991355
123 99999999999992375
189 99999999999982046
4 99999999999999991
307 99999999999952723
166 99999999999986140
65 99999999999997856
80 99999999999996761
98 99999999999995150
241 99999999999970840
471 99999999999888845
267 99999999999964223
139 99999999999990271
157 99999999999987598
187 99999999999982423
486 99999999999881660
242 99999999999970598
69 99999999999997586
304 99999999999953641
101 99999999999994850
422 99999999999910748
289 99999999999958096
374 99999999999929876
257 99999999999966848
92 99999999999995723
152 99999999999988373
150 99999999999988676
493 99999999999878230
52 99999999999998623
197 99999999999980498
375 99999999999929501
426 99999999999909050
39 99999999999999221
343 99999999999941005
239 99999999999971321
279 99999999999960941
429 99999999999907766
177 99999999999984248
482 99999999999883598
40 99999999999999181
293 99999999999956930
476 99999999999886475
340 99999999999942031
352 99999999999937873
154 99999999999988066
390 99999999999923756
46 99999999999998920
255 99999999999967361
357 99999999999936098
466 99999999999891190
473 99999999999887900
73 99999999999997300
425 99999999999909476
336 99999999999943385
442 99999999999902098
173 99999999999984950
35 99999999999999371
53 99999999999998570
143 99999999999989705
161 99999999999986960
270 99999999999963416
348 99999999999939275
10 99999999999999946
318 99999999999949280
196 99999999999980695
44 99999999999999011
431 99999999999906905
11 99999999999999935
435 99999999999905171
358 99999999999935740
376 99999999999929125
328 99999999999946045
151 99999999999988525
70 99999999999997516
29 99999999999999566
377 99999999999928748
250 99999999999968626
330 99999999999945386
236 99999999999972035
181 99999999999983530
171 99999999999985295
253 99999999999967870
276 99999999999961775
136 99999999999990685
402 99999999999918998
125 99999999999992126
45 99999999999998966
297 99999999999955748
214 99999999999976996
90 99999999999995906
337 99999999999943048
311 99999999999951485
225 99999999999974576
95 99999999999995441
224 99999999999974801
443 99999999999901655
277 99999999999961498
260 99999999999966071
147 99999999999989123
144 99999999999989561
7 99999999999999973
359 99999999999935381
191 99999999999981665
63 99999999999997985
382 99999999999926848
427 99999999999908623
344 99999999999940661
85 99999999999996346
321 99999999999948320
470 99999999999889316
380 99999999999927611
43 99999999999999055
385 99999999999925696
96 99999999999995345
286 99999999999958960
433 99999999999906040
368 99999999999932105
159 99999999999987281
83 99999999999996515
200 99999999999979901
407 99999999999916973
124 99999999999992251
259 99999999999966331
386 99999999999925310
494 99999999999877736
22 99999999999999748
248 99999999999969125
223 99999999999975025
238 99999999999971560
256 99999999999967105
497 99999999999876248
100 99999999999994951
457 99999999999895348
235 99999999999972271
55 99999999999998461
454 99999999999896716
107 99999999999994223
499 99999999999875251
363 99999999999933935
317 99999999999949598
319 99999999999948961
77 99999999999996998
354 99999999999937166
400 99999999999919801
86 99999999999996260
219 99999999999975911
417 99999999999912848
450 99999999999898526
312 99999999999951173
332 99999999999944723
243 99999999999970355
469 99999999999889786
240 99999999999971081
156 99999999999987755
467 99999999999890723
383 99999999999926465
227 99999999999974123
61 99999999999998110
54 99999999999998516
484 99999999999882631
261 99999999999965810
38 99999999999999260
119 99999999999992861
106 99999999999994330
234 99999999999972506
49 99999999999998776
464 99999999999892121
395 99999999999921791
446 99999999999900320
350 99999999999938576
339 99999999999942371
175 99999999999984601
331 99999999999945055
1000
34592
20821
35485
77898
16539
99280
14504
41394
79221
82169
9690
25325
73948
55458
82162
44177
13605
9092
56246
37143
52293
99836
39631
85727
54616
90953
70154
6313
28189
32496
46808
41660
72919
12312
41998
48163
95662
41102
42342
1034
38028
20835
40701
44806
74049
77641
69907
41675
25760
39193
34862
64019
2079
63151
73207
94558
35323
92460
90011
64844
40785
18356
38219
81445
75398
23054
27740
9009
55361
91047
15560
66624
29900
7951
40012
80196
11542
72922
61864
26130
35155
76192
21122
24261
22522
80989
81219
26011
59654
26578
920
63574
34038
65506
58546
32027
65582
99830
38374
17974
26292
62041
29518
39061
84083
18589
60359
40585
66363
16437
35473
3400
56319
40953
68562
17933
2133
66629
81587
71510
96154
18137
76929
85797
26988
82362
64493
87489
97006
80144
64365
69490
16775
77958
30905
53032
72387
48046
17582
75316
76496
37786
99663
58444
33699
22948
60671
65676
58257
90791
23432
66480
566
38403
76055
75643
79345
26845
95613
3092
70822
72604
5392
98595
77083
77805
90504
67032
69307
3041
3362
62437
99222
15306
30368
59775
76447
42945
10568
4577
49709
52675
42241
81416
28634
23407
1913
36632
135
53642
40129
42165
85430
73627
26095
65579
8271
78223
91579
25864
26587
4886
10338
74524
27436
76964
88327
18592
26131
85361
15373
16428
45609
78681
8798
58974
51047
89693
44231
19930
22541
51009
15097
71845
21343
14796
35306
42185
83843
61514
39762
24245
60292
7789
87470
5178
16242
27976
10081
18447
69696
25875
45006
81901
84997
59722
39839
81875
53884
45966
28513
47971
14915
97570
72422
1763
7359
81935
47777
20766
34071
90400
5421
61281
27189
58055
74695
47070
85161
24982
70287
2828
51301
64807
83788
93604
91521
78549
49893
84934
53624
79425
13928
83314
5418
82957
85318
91760
54841
14948
60661
11528
94060
3920
3597
60330
93934
40675
63884
65800
96399
75375
61298
39735
74402
13838
76613
97490
23678
21850
19694
49367
44958
54262
61947
76935
60801
23875
96411
47786
64074
33196
18149
53097
9888
3899
49841
86131
49455
32385
27901
77624
66854
77746
21897
74353
76088
35686
24923
81238
46875
17498
31325
72742
39915
15885
28090
41347
99624
28867
46436
37267
33875
97830
21521
58464
11349
36191
96825
29593
75961
85761
61626
39311
8077
44383
98836
61785
73285
78193
49582
14256
54104
42004
74287
71316
53729
9350
80773
24485
34079
15246
55906
91690
30613
2098
82361
85358
38027
24350
53766
29182
55723
6948
49860
40524
82949
30999
2132
33999
51755
39055
13404
14785
28246
32552
17062
36671
96447
67042
37565
23981
31110
29346
46323
1487
69359
90096
83358
41457
21952
18807
54870
1185
75653
16425
2201
35919
61100
2648
31528
49107
92361
50654
13831
76967
35635
66550
60928
30569
41701
80128
96961
59227
85534
49729
1913
35331
20258
14305
74303
86443
24022
9643
76235
98594
91463
91664
56027
62745
30116
46916
94288
29862
9472
38656
4974
9668
70865
25758
32960
94066
74900
2400
57937
98960
4326
51018
12115
63301
86924
99011
2396
28219
99308
8952
44645
14273
78258
37049
38858
30536
61036
72602
34572
29639
43502
42292
36306
41720
59343
89153
4771
53400
50954
65315
11373
34602
60735
65821
53250
1397
84367
39929
8726
75714
87843
86784
88194
33695
45829
25893
21540
30
55973
73115
36573
79766
86005
38042
6001
80513
87822
68606
63690
59837
29161
59048
36598
63468
47463
14587
35813
42355
49066
66208
22155
78686
2169
32226
13252
22107
87840
19763
74475
83738
71373
72518
89345
41396
20117
6738
19405
58145
97581
86549
68470
43872
52369
15855
86507
65811
39200
31363
65659
45472
57789
17817
15069
69649
39152
48607
31370
45429
96643
79619
29374
13821
68550
40059
31642
79392
55180
23517
76645
43991
6380
35367
57958
94465
7456
99576
62284
76608
20585
78997
2727
13979
65961
63045
41228
39130
54055
55317
70356
38829
12943
8854
2717
31942
6607
30234
2632
13177
51996
64474
40089
29699
37643
56083
31323
43585
77400
72036
17113
91604
76962
36049
28358
52260
58317
33091
83478
29850
74879
6182
5603
13124
97027
51658
13929
60852
38985
66819
77193
47042
29380
13961
79722
85894
85034
67257
75315
59166
55736
96657
7571
86446
77100
84088
46266
827
74505
96532
6429
14735
27574
98929
62965
35161
36191
31265
54848
74314
63603
72055
70623
90264
59236
76043
67543
89246
74442
15385
10384
22938
36288
31425
44313
21327
29829
43305
16130
72801
75741
92502
95008
52251
974
80791
56236
73868
30243
82586
75140
66853
51244
13333
52649
93949
55068
41054
23584
86829
36586
49267
98385
30645
74833
75284
44875
76661
31855
77860
83006
6549
32106
32107
99103
13821
81702
1942
8071
35325
79536
18198
60341
82407
28471
26621
70183
73520
41837
58212
61445
45011
56074
97352
84599
46541
39977
13032
521
54018
85386
67113
20462
44087
58862
79122
19098
3382
21310
83760
92263
58061
19173
93363
95441
49007
71729
8623
53690
68881
9014
77501
583
76846
64107
86231
12384
15044
30858
6399
88148
76181
7092
8057
50451
57319
6123
17132
4082
11524
34775
73668
49867
24795
11842
62483
59098
13565
37244
92844
64609
8992
14551
34503
34628
27392
40011
92384
37838
17593
56308
32248
5995
36398
70959
96466
65164
70566
77121
62999
73798
95241
30128
10483
44243
60263
39399
10005
91855
16913
13975
10067
95964
83454
48816
44132
19551
93992
69836
67364
48160
64748
26149
41971
8334
29870
16218
502
50617
85778
82798
32597
17334
87396
31625
67451
16575
28145
44949
6938
54896
69324
46818
88932
65419
61610
23906
89171
61365
51942
59854
48642
92471
51806
31231
20017
41885
44532
80661
89221
28986
7437
16116
95013
49731
91285
99042
43742
94895
9498
30571
24513
26718
57229
88541
5536
54735
19460
19532
35284
61671
34043
14383
23802
77393
26222
50881
58897
48985
32896
80289
31773
87792
8503
20754
30247
60875
32189
26972
47676
79556
6785
82857
24585
69367
17876
27785
55717
84614
66957
68078
17736
75958
85093
21009
73068
32944
64892
47595
4947
85953
33714
10781
8832
33658
89038
1416
41724
22864
99835
75158
77747
34589
20486
25167
7253
28029
9089
44869
10645
16978
34563
78665
75789
68129
45158
62515
72344
627
48840
21854
31511
31861
74954
8553
909
49944
11828
15319
52291
12721
54095
55408
23493
42842
99945
