19
712417237947 -62567473566477422
556116973000 15148274210916685
954042468067 -37242312203665678
556556949827 -1332549032059917
313356274786 -78284397414296012
921873648660 -45548845840277390
994947036378 3572327567153404
410040129911 -73194907534627968
482464271812 74993722153195940
642523441856 89701588440047521
220051144683 -76213994698332254
815436248531 -86367711011635127
872860177902 91659205685398248
598812425130 65632576804934764
436546691778 -99726007356813920
331473684179 -37392770038966291
429596899374 -32221646545561851
570720197103 63694547146047426
664903871822 38777820394935657
605
87421
49361
69685
92972
29764
74523
53647
73620
81763
26116
30272
88670
2164
35542
91916
20847
49510
32114
68171
83906
86812
13740
79307
72803
6412
2507
71340
28500
83073
55626
26211
33035
5210
20730
3640
84338
48968
76126
75591
12326
66964
7085
32227
27769
51830
46195
83535
73585
71487
10128
78531
46406
90704
80727
47597
65479
17729
43633
84845
34358
55483
56728
29783
40263
27198
81852
21557
96678
97500
70593
20611
71342
27516
56671
82545
67826
62264
27489
46437
10423
72479
6631
83542
15800
33332
83908
13234
289
68429
5792
71065
84757
15252
43478
91775
23497
52906
72183
18542
12038
68799
76486
39233
65418
75195
76667
40555
48616
75033
17376
8270
69539
87430
34902
89412
23191
4710
34289
38842
32305
55152
51064
28624
97586
82093
43590
32602
31983
90333
85804
22402
15636
38897
5772
10275
29692
22578
85791
48752
9595
87417
27217
12779
52277
14357
9312
93518
96228
85768
78496
17350
20533
66922
58937
82162
61931
45541
25351
53576
33051
32695
33306
5937
59535
38707
84212
72008
84515
99968
8781
2496
54155
85080
81810
53531
38827
70859
87682
89715
92157
12474
86672
74996
19023
23100
28676
69216
34914
7292
76090
92426
27436
40344
56225
22171
26551
17252
85948
59409
36608
31365
44741
77211
3545
19415
66693
40574
43303
2728
350
93363
74628
93402
28705
99558
89406
60325
9496
67641
67990
78994
59101
44991
69955
44065
93729
64161
49804
61860
9542
54876
63825
99714
63333
77345
71043
64885
3242
72052
20040
9580
7987
13870
33272
97578
74260
10332
11394
49189
38005
48381
99528
76263
92754
28135
90974
8561
52378
63266
69935
62259
30834
29739
40824
95509
60911
91635
25419
57522
59167
81886
88334
23
69665
64101
85721
43753
36616
78164
63644
92060
33852
18476
4278
62908
4504
54882
72575
56072
94637
9950
45663
60722
29726
21918
50932
79136
41890
58448
66929
86382
47174
38491
8793
33290
70728
67991
84424
42071
78845
34288
26603
87659
48043
58247
33474
18928
80592
22385
59525
78726
44249
61590
93116
46496
33676
58995
45542
26179
11455
51384
4083
92810
61470
21291
88298
99076
82825
48132
48452
8564
11795
93423
36431
24080
65700
98413
39083
38723
14872
93363
82416
23308
35359
29705
31303
6813
88443
92300
71981
48444
36036
67564
17267
88677
6919
18031
57216
453
84291
79404
71341
19585
66923
60881
11016
6413
51047
45854
87346
37942
66546
1960
81409
40953
62397
12823
22463
56393
21515
67335
4456
12333
27987
52459
92496
32639
57762
62437
97147
71630
56982
34320
40515
8797
77891
65751
46518
18082
24562
20538
46070
76904
15677
30928
70647
20781
93749
80800
21796
96644
53212
75367
19834
6837
65323
71477
89674
71544
3725
63759
52252
91582
31874
3087
26151
85608
45213
63903
40634
4333
38311
21474
60822
2361
29370
82028
29234
14536
67110
38180
32470
89135
36783
48105
99744
85460
48333
63402
28994
75793
75722
76653
20033
2837
5832
18473
1624
59106
95065
4043
53523
56752
62629
81685
12277
46409
37767
30426
22066
23243
38608
45860
63541
16617
65251
78415
83036
73226
54551
93931
20343
63017
32697
20253
82060
42611
64839
34718
35670
7244
22261
87291
87489
97770
84620
47475
94768
30744
59878
7324
93720
22325
82580
29375
93794
49555
10648
34935
17132
50680
23659
47414
15977
81024
22232
92737
49277
4217
61503
59503
14657
41509
89267
75469
9061
85116
85308
97789
66153
20103
27894
62546
85827
38726
17360
55253
73788
54507
30383
71908
30579
95965
65096
11277
52856
24950
20201
55160
91858
38021
53904
5754
27258
28749
27474
44387
39550
38404
20246
10705
27231
13749
43896
89242
1715
75710
17830
839
68419
52467
29094
4403
78094
61337
33582
11344
18469
80012
92235
23810
6189
72345
50875
16674
94752
13221
60883
70844
33548
27044
89017
91793
42610
96002
