500
939112045899 100000000000000000
64624792014 100000000000000000
937258438448 100000000000000000
676214926491 100000000000000000
76530332669 100000000000000000
280358363902 100000000000000000
505276069679 100000000000000000
463326820734 100000000000000000
192241614066 100000000000000000
579511137427 100000000000000000
472503579817 100000000000000000
274389865257 100000000000000000
828553010028 100000000000000000
350593845538 100000000000000000
127584644741 100000000000000000
517898189265 100000000000000000
872287387122 100000000000000000
178418332287 100000000000000000
386500607719 100000000000000000
850189346025 100000000000000000
183569772105 100000000000000000
329059148224 100000000000000000
659947148083 100000000000000000
491324171048 100000000000000000
846427062645 100000000000000000
55779600185 100000000000000000
765556821008 100000000000000000
174047611521 100000000000000000
986315958203 100000000000000000
761154118273 100000000000000000
181148183905 100000000000000000
465991108651 100000000000000000
473470131361 100000000000000000
173339517547 100000000000000000
475163881037 100000000000000000
66561888411 100000000000000000
471445165803 100000000000000000
932584805644 100000000000000000
54674221367 100000000000000000
707910557572 100000000000000000
756334684319 100000000000000000
203295483835 100000000000000000
604276440005 100000000000000000
646250022877 100000000000000000
326069063425 100000000000000000
228208678667 100000000000000000
666279466717 100000000000000000
894009902041 100000000000000000
152939307671 100000000000000000
398640451281 100000000000000000
149006610082 100000000000000000
347788526831 100000000000000000
613863540517 100000000000000000
350364015140 100000000000000000
444440906362 100000000000000000
313054630868 100000000000000000
42810170288 100000000000000000
983083221847 100000000000000000
577371522314 100000000000000000
804320350331 100000000000000000
54959340158 100000000000000000
64569259008 100000000000000000
533219265591 100000000000000000
967392686619 100000000000000000
436310800660 100000000000000000
762313102580 100000000000000000
629856866598 100000000000000000
443713382184 100000000000000000
905815738422 100000000000000000
329263349319 100000000000000000
103671994428 100000000000000000
218958067031 100000000000000000
423686472681 100000000000000000
51588450127 100000000000000000
86932867358 100000000000000000
897349069213 100000000000000000
660410782579 100000000000000000
561093490337 100000000000000000
68278673073 100000000000000000
445965719599 100000000000000000
313283557720 100000000000000000
881199256081 100000000000000000
462863202074 100000000000000000
239520988291 100000000000000000
591044293470 100000000000000000
211639164597 100000000000000000
449298383806 100000000000000000
415949773133 100000000000000000
913812175497 100000000000000000
532938453218 100000000000000000
907269916994 100000000000000000
108778121346 100000000000000000
784233255711 100000000000000000
638882769965 100000000000000000
167319371659 100000000000000000
391834725207 100000000000000000
811011882148 100000000000000000
242083005290 100000000000000000
73445921213 100000000000000000
356449942082 100000000000000000
853420929501 100000000000000000
511245154479 100000000000000000
570335125055 100000000000000000
170488546550 100000000000000000
868860213456 100000000000000000
444722367824 100000000000000000
153968842421 100000000000000000
748505182826 100000000000000000
822570480322 100000000000000000
24065544676 100000000000000000
205528870915 100000000000000000
783789334738 100000000000000000
352341539895 100000000000000000
140857054782 100000000000000000
737443287632 100000000000000000
478345647523 100000000000000000
153904336116 100000000000000000
938084788596 100000000000000000
663277471999 100000000000000000
168333553043 100000000000000000
796820535295 100000000000000000
486531533274 100000000000000000
843629437622 100000000000000000
121782455446 100000000000000000
556505467804 100000000000000000
603561899270 100000000000000000
190846550363 100000000000000000
354533682657 100000000000000000
148303176017 100000000000000000
965469370317 100000000000000000
182607542801 100000000000000000
931799094249 100000000000000000
294727253474 100000000000000000
309406850628 100000000000000000
712493032766 100000000000000000
789651540067 100000000000000000
459238469973 100000000000000000
466639659967 100000000000000000
35212148360 100000000000000000
440962702404 100000000000000000
854882862830 100000000000000000
954629731028 100000000000000000
667198670034 100000000000000000
223170680770 100000000000000000
535773549874 100000000000000000
153864422744 100000000000000000
592210885186 100000000000000000
143838800465 100000000000000000
616625114599 100000000000000000
174350275679 100000000000000000
961572631613 100000000000000000
435561228966 100000000000000000
564453092882 100000000000000000
81053280319 100000000000000000
143776471912 100000000000000000
905341687478 100000000000000000
379523894775 100000000000000000
454630844557 100000000000000000
966503803816 100000000000000000
785567294391 100000000000000000
611672477979 100000000000000000
497504709661 100000000000000000
292235977762 100000000000000000
127785168413 100000000000000000
187372324420 100000000000000000
836403980549 100000000000000000
527007770427 100000000000000000
574421903773 100000000000000000
768456271734 100000000000000000
382241625242 100000000000000000
303856605848 100000000000000000
759423349036 100000000000000000
135434684919 100000000000000000
815772058481 100000000000000000
41593300766 100000000000000000
235374524159 100000000000000000
508899454539 100000000000000000
59062221150 100000000000000000
483213629681 100000000000000000
989782140043 100000000000000000
948371259447 100000000000000000
283074914679 100000000000000000
747687333752 100000000000000000
175547128454 100000000000000000
763348559554 100000000000000000
418457941521 100000000000000000
550260718935 100000000000000000
11904450788 100000000000000000
218070905902 100000000000000000
378245214400 100000000000000000
665082038386 100000000000000000
511822329562 100000000000000000
740887320066 100000000000000000
273586248282 100000000000000000
122977012208 100000000000000000
276722348766 100000000000000000
891203609858 100000000000000000
844995064564 100000000000000000
979453926964 100000000000000000
726328529571 100000000000000000
876190709044 100000000000000000
903023151587 100000000000000000
232086242533 100000000000000000
711673408288 100000000000000000
570889876957 100000000000000000
457299402171 100000000000000000
319718531302 100000000000000000
830229510281 100000000000000000
762887188864 100000000000000000
200587725906 100000000000000000
779248674910 100000000000000000
644677852755 100000000000000000
209414311397 100000000000000000
137574441661 100000000000000000
8125125808 100000000000000000
656459614003 100000000000000000
275713862670 100000000000000000
755067780432 100000000000000000
218388980354 100000000000000000
711339685151 100000000000000000
475531757634 100000000000000000
733160429473 100000000000000000
426420490682 100000000000000000
583453954379 100000000000000000
419396475398 100000000000000000
561682496645 100000000000000000
216656590203 100000000000000000
212020218924 100000000000000000
469867955230 100000000000000000
961811613200 100000000000000000
559396615211 100000000000000000
464028806519 100000000000000000
728080069776 100000000000000000
741450739096 100000000000000000
220409014127 100000000000000000
759858705441 100000000000000000
314566575264 100000000000000000
596507974578 100000000000000000
246609869868 100000000000000000
949507073632 100000000000000000
120616159443 100000000000000000
820386711603 100000000000000000
390850232967 100000000000000000
101007024552 100000000000000000
817667399919 100000000000000000
112312453679 100000000000000000
908122254821 100000000000000000
941684521645 100000000000000000
531824179192 100000000000000000
40571160572 100000000000000000
117294040299 100000000000000000
445140196711 100000000000000000
206394627124 100000000000000000
483460445999 100000000000000000
937959481726 100000000000000000
643989875976 100000000000000000
568437114663 100000000000000000
250724830364 100000000000000000
149475954883 100000000000000000
909156238343 100000000000000000
42140786071 100000000000000000
262515879001 100000000000000000
397707117342 100000000000000000
490397082647 100000000000000000
495642976136 100000000000000000
820067531195 100000000000000000
160070978614 100000000000000000
213863515695 100000000000000000
770693402687 100000000000000000
159327520598 100000000000000000
689841636079 100000000000000000
735051188868 100000000000000000
953472245315 100000000000000000
142069323520 100000000000000000
8559411565 100000000000000000
91428681865 100000000000000000
919689352022 100000000000000000
725672815054 100000000000000000
78552360215 100000000000000000
224874458869 100000000000000000
824497362047 100000000000000000
20858216469 100000000000000000
389853802129 100000000000000000
317480993723 100000000000000000
680118534658 100000000000000000
284213557609 100000000000000000
673705361855 100000000000000000
321214215186 100000000000000000
409274517349 100000000000000000
851468768416 100000000000000000
45444785607 100000000000000000
636451161199 100000000000000000
211259829100 100000000000000000
460126158799 100000000000000000
7914681615 100000000000000000
306099126405 100000000000000000
42466881565 100000000000000000
753961715786 100000000000000000
769005559098 100000000000000000
700894063435 100000000000000000
318581396156 100000000000000000
581010877095 100000000000000000
75650686766 100000000000000000
138990968565 100000000000000000
539467004879 100000000000000000
968237773499 100000000000000000
558722846481 100000000000000000
354414505208 100000000000000000
889432997658 100000000000000000
831884819355 100000000000000000
71029998662 100000000000000000
141028228617 100000000000000000
864371927971 100000000000000000
968082821019 100000000000000000
665365784947 100000000000000000
170485223965 100000000000000000
576453508014 100000000000000000
241599133777 100000000000000000
316774227069 100000000000000000
502087262314 100000000000000000
715051918528 100000000000000000
267705683601 100000000000000000
934500404873 100000000000000000
491572082532 100000000000000000
357924702111 100000000000000000
447614737010 100000000000000000
316927714300 100000000000000000
614056008896 100000000000000000
245472501839 100000000000000000
82041500487 100000000000000000
958542685307 100000000000000000
331633880435 100000000000000000
417054750230 100000000000000000
312572247973 100000000000000000
757445487339 100000000000000000
975036726706 100000000000000000
596345719673 100000000000000000
970090927459 100000000000000000
433172604273 100000000000000000
112422263027 100000000000000000
592979918395 100000000000000000
121366567316 100000000000000000
631235327346 100000000000000000
264339169770 100000000000000000
83296511844 100000000000000000
681523863694 100000000000000000
490680774547 100000000000000000
354740777612 100000000000000000
562193406774 100000000000000000
998563421669 100000000000000000
156860939192 100000000000000000
942958074894 100000000000000000
461252884792 100000000000000000
751679370351 100000000000000000
54097302792 100000000000000000
697927030502 100000000000000000
238524574767 100000000000000000
581417576001 100000000000000000
163782085095 100000000000000000
645903467207 100000000000000000
322273143327 100000000000000000
918397453488 100000000000000000
271332449273 100000000000000000
241041819304 100000000000000000
111789057101 100000000000000000
34187202640 100000000000000000
295920799781 100000000000000000
589517226173 100000000000000000
602851825471 100000000000000000
994208762103 100000000000000000
94243847822 100000000000000000
450589890172 100000000000000000
835054037689 100000000000000000
437899287994 100000000000000000
74213180059 100000000000000000
443244455064 100000000000000000
864704876993 100000000000000000
202267278574 100000000000000000
744851712751 100000000000000000
711181766408 100000000000000000
429966404252 100000000000000000
150368400423 100000000000000000
416903346545 100000000000000000
387780088064 100000000000000000
936226954957 100000000000000000
642737946683 100000000000000000
271750853444 100000000000000000
961189100789 100000000000000000
20154327835 100000000000000000
1103674686 100000000000000000
819864269006 100000000000000000
629080366236 100000000000000000
329923008395 100000000000000000
958153856647 100000000000000000
219789405620 100000000000000000
45050650858 100000000000000000
427790251873 100000000000000000
222455600808 100000000000000000
922751142108 100000000000000000
16450064917 100000000000000000
121791273251 100000000000000000
560400705401 100000000000000000
248620164201 100000000000000000
608140005265 100000000000000000
675991084693 100000000000000000
157321417230 100000000000000000
824271115713 100000000000000000
16320126995 100000000000000000
154728477884 100000000000000000
968276430523 100000000000000000
955408053641 100000000000000000
229240869264 100000000000000000
627743171550 100000000000000000
793979729173 100000000000000000
657341308838 100000000000000000
20514744638 100000000000000000
233843048319 100000000000000000
483054427123 100000000000000000
540835947325 100000000000000000
958554862481 100000000000000000
983311644261 100000000000000000
168373152104 100000000000000000
80457188019 100000000000000000
74633356350 100000000000000000
405682070164 100000000000000000
178570724042 100000000000000000
669981582253 100000000000000000
889368090170 100000000000000000
592979618130 100000000000000000
398856436910 100000000000000000
853265284879 100000000000000000
520834726842 100000000000000000
97327086371 100000000000000000
192459967208 100000000000000000
302437089536 100000000000000000
417898638900 100000000000000000
776277791693 100000000000000000
574812610702 100000000000000000
573444806884 100000000000000000
479023378011 100000000000000000
690076432980 100000000000000000
238530904053 100000000000000000
639295101280 100000000000000000
271334302758 100000000000000000
674590589181 100000000000000000
759341722289 100000000000000000
183280474200 100000000000000000
977664667337 100000000000000000
643473372494 100000000000000000
559119843736 100000000000000000
89117150963 100000000000000000
556439323834 100000000000000000
617042710540 100000000000000000
78657316031 100000000000000000
899822647700 100000000000000000
142330942380 100000000000000000
166285022523 100000000000000000
48843940730 100000000000000000
192959682530 100000000000000000
209603534998 100000000000000000
656096355360 100000000000000000
440827264096 100000000000000000
769814617280 100000000000000000
879667234732 100000000000000000
412057278273 100000000000000000
716358061380 100000000000000000
727991250517 100000000000000000
651734396003 100000000000000000
897795236962 100000000000000000
298272654139 100000000000000000
751981504004 100000000000000000
589023258992 100000000000000000
356154731657 100000000000000000
482110446236 100000000000000000
779452371059 100000000000000000
55330222281 100000000000000000
393541794810 100000000000000000
935836712698 100000000000000000
350376770951 100000000000000000
558073797538 100000000000000000
975552821818 100000000000000000
156292987690 100000000000000000
945761853542 100000000000000000
249994660464 100000000000000000
185305176591 100000000000000000
769356867907 100000000000000000
577931566963 100000000000000000
97362081000 100000000000000000
195604613502 100000000000000000
908104233624 100000000000000000
465825965140 100000000000000000
808333933055 100000000000000000
562863481291 100000000000000000
170501955519 100000000000000000
82212928494 100000000000000000
775319060459 100000000000000000
249429026683 100000000000000000
792452884620 100000000000000000
419364533862 100000000000000000
508016931872 100000000000000000
1000
69770
565
87932
28481
35223
7827
41006
12570
29689
88271
1708
82436
31877
99161
10630
62163
95875
56815
6683
79924
60876
9255
71395
72355
17138
17033
4998
1781
44312
20275
82723
70224
17686
43476
71850
93870
61558
47825
93890
18142
48218
32386
74756
26819
26644
60854
42941
28627
58091
38347
29136
63385
13597
60343
29458
31347
14967
89826
41421
81332
98815
83881
42365
89987
60203
27005
51574
49339
57415
9506
38332
55049
48179
36784
17993
35953
46243
66806
48906
72810
64413
2610
94018
55933
90526
26938
43815
17321
42390
9622
24736
26306
66919
71267
63021
99470
89706
58929
87711
17831
51210
29670
10779
26332
19334
28026
76315
87503
43539
76089
62957
52664
98680
45188
17906
10496
97809
45488
36352
38343
63117
30885
94177
83392
17648
16544
64722
47983
65714
83473
87909
12818
12349
97278
29087
90165
70354
43774
53402
59484
35845
52831
59428
89949
27805
46305
71231
26339
22645
94457
87103
20333
86462
21711
11919
69356
55707
80384
45100
55944
94755
72348
4040
3516
3010
62185
55080
40406
10744
63646
583
63032
58360
40297
93937
56954
26187
84042
10024
21637
31211
74581
42403
29977
48520
20180
22506
60584
56454
39043
9467
52857
44029
75762
24264
16582
1400
74215
11255
82110
76279
76953
6465
33092
32845
57910
41459
2765
57762
57726
16
44678
59409
72485
28940
92045
55211
35061
18099
13043
72755
80074
28000
29472
68641
64596
8678
48847
80639
67640
44363
78509
48846
20080
28424
56926
41410
97158
36298
4537
15618
57021
11252
98535
30569
6664
57659
61543
89480
21937
31624
91629
3521
21524
25626
83807
36141
16481
37633
20951
25720
11677
48420
81444
36800
60385
22044
42984
38361
77882
49559
17083
20203
60647
65686
27591
33426
57375
24655
50570
79390
95112
87211
31255
63601
68257
63721
25397
13956
22905
44634
51774
99233
149
25219
9633
20010
18926
49822
76353
2161
5169
3897
97428
21438
16509
54965
49861
91917
38376
53768
15123
74189
95931
18011
66832
16866
55025
34797
94754
18051
41724
3503
38629
94332
19104
34438
34982
60014
38198
83661
57450
11658
49515
24048
7045
36858
13694
26705
63460
52696
95941
50662
49732
437
11368
80217
81432
17491
60549
53735
20262
20843
56363
20930
92843
47273
75327
61807
34835
23243
68858
7433
99553
32325
42024
11228
2829
32703
59850
39402
64097
17013
19445
92394
65276
33814
4465
54180
56207
42727
33884
73750
12578
9245
53764
34674
14192
39782
12240
51165
57958
87457
18456
44914
56616
28897
36520
10365
27917
91054
50818
73761
9470
36675
31384
35315
96379
16945
80278
21084
94838
51675
14806
71482
18997
53336
91401
6975
42644
41941
10933
47409
96577
20848
47314
19881
64383
32062
652
7124
3683
41669
12932
29845
32506
33315
8847
61761
3905
4101
7861
13857
93931
20817
31187
76115
63487
70941
82714
64842
40440
28661
20334
67562
22563
56249
88647
65452
98532
29596
37491
8448
16145
80262
31378
77254
97557
24915
11993
64084
97551
64371
78992
78483
83472
26664
76340
83074
64097
22858
13365
88018
67387
27366
5177
23784
25356
85435
12759
46270
82233
95772
70109
7905
19382
35409
21483
83956
68336
67477
46646
74796
19748
30617
12646
46899
66885
72544
53208
67942
23577
68065
42844
11607
46397
9417
53816
24619
82269
63126
49539
4412
31357
99196
50955
80344
76083
80676
25232
43296
8073
97288
57318
43114
52256
17849
38935
45664
85352
46745
19487
89663
61609
33729
22126
99385
62110
88380
42346
57971
98773
74346
15690
32168
69680
75966
15932
27844
59942
52673
72639
57353
86306
48717
7306
27981
86755
41298
40004
30010
6427
46932
2569
89261
10065
74667
68331
63128
25407
90177
59503
73217
72660
91448
93644
38432
69842
53890
40752
44037
83825
93127
50362
17935
52091
55746
75009
84150
58382
92708
54283
3778
92765
35376
34583
56241
24911
99773
48116
60981
36958
59000
72615
48564
92090
85599
27913
8167
64292
33286
22503
10811
55763
69686
51648
44467
72466
12553
33163
4067
24512
54544
87214
50711
74734
91821
80104
45194
42629
69945
66184
3471
66398
61023
50675
5004
35367
1311
63810
64538
42117
33036
98657
72550
77324
94830
40146
1939
93449
56449
76296
94966
49849
17972
17708
15545
59183
88652
81276
32664
81618
8350
24967
25319
30140
53368
54962
24265
24860
19064
96822
65338
90325
91315
56927
7239
67773
24848
89518
51569
70303
71083
79225
69454
17977
15667
68678
88328
58623
77483
97747
92220
88310
16236
76177
38971
26970
40450
95140
57164
10232
77355
83845
14376
5492
49948
13536
19133
47781
58811
87062
16652
23892
23525
57692
89036
96513
36874
50459
93156
91422
76940
91182
13268
48337
66820
36359
7277
56054
10717
51305
91764
11483
68887
90191
64195
2659
64677
67748
57384
43652
86959
77962
76805
88041
82129
96915
97326
19664
67706
4779
76206
24684
10542
45260
82818
23812
44645
66887
7900
19507
2922
9218
54625
95878
66876
72917
3596
16097
90928
20332
28105
44090
56333
73320
76058
81884
6094
30270
94870
66854
9668
74742
68453
54666
51858
91885
73957
93358
14415
16627
53896
25038
10631
17806
55252
82296
60090
31542
65153
7342
94556
71671
54111
90152
2227
77714
28365
32175
83421
92507
52963
49379
40839
4668
74185
89302
54742
15569
57406
96463
60834
17931
60498
84425
68438
98381
17675
19025
86802
52530
87684
56427
7273
82853
39242
46669
95779
19047
2526
65570
72956
13644
13525
10856
65923
71774
58779
92211
9916
80121
83051
24264
75871
38829
41977
36482
97207
7360
53352
83857
74083
58185
62068
14038
61112
502
73578
97961
71549
49159
14923
67891
25805
12368
22317
17748
55353
22427
88505
19742
4996
4580
76142
59095
18533
50587
21597
57756
31976
98661
21195
31545
67885
63356
5682
98353
82152
15338
40384
58108
49663
28050
54262
65380
23119
20264
26602
38375
33256
19027
28645
73976
27084
4562
934
35486
11124
96436
30302
27892
49707
59166
73906
24231
67697
5898
10428
27803
24665
14914
23690
96999
41963
6601
82718
91764
22563
3282
47052
41633
50128
80519
67679
54434
4374
24227
4244
51261
29900
72056
28092
27787
8063
93099
2815
72765
43309
15731
98740
9877
22059
83613
2474
92680
61376
23563
20099
9699
21319
16688
83059
41731
70321
19349
26277
58971
15265
1176
95638
98194
15438
86120
57240
85186
77412
65130
47793
49083
