100
52 99999999999960284
47 99999999999967664
1 100000000000000000
38 99999999999979022
56 99999999999953816
11 99999999999998381
39 99999999999977883
76 99999999999914454
93 99999999999871762
60 99999999999946885
3 99999999999999922
30 99999999999987142
69 99999999999929549
6 99999999999999565
20 99999999999994361
12 99999999999998054
95 99999999999866170
81 99999999999902776
26 99999999999990407
65 99999999999937514
89 99999999999882550
36 99999999999981231
14 99999999999997314
75 99999999999916698
57 99999999999952122
44 99999999999971743
66 99999999999935568
35 99999999999982297
77 99999999999912174
54 99999999999957105
31 99999999999986242
41 99999999999975513
55 99999999999955471
37 99999999999980138
92 99999999999874506
58 99999999999950406
61 99999999999945068
98 99999999999857569
72 99999999999923257
59 99999999999948663
17 99999999999995961
73 99999999999921103
80 99999999999905168
94 99999999999868986
50 99999999999963330
2 99999999999999978
82 99999999999900354
7 99999999999999389
15 99999999999996892
4 99999999999999832
18 99999999999995456
49 99999999999964800
64 99999999999939437
53 99999999999958713
33 99999999999984336
40 99999999999976714
22 99999999999993166
23 99999999999992524
90 99999999999879901
5 99999999999999716
100 99999999999851682
46 99999999999969049
43 99999999999973033
32 99999999999985302
78 99999999999909868
28 99999999999988831
48 99999999999966249
63 99999999999941337
62 99999999999943213
68 99999999999931585
99 99999999999854636
24 99999999999991853
21 99999999999993776
19 99999999999994920
13 99999999999997698
67 99999999999933590
87 99999999999887778
45 99999999999970413
8 99999999999999181
42 99999999999974289
96 99999999999863333
9 99999999999998946
27 99999999999989629
25 99999999999991145
88 99999999999885179
10 99999999999998681
83 99999999999897904
29 99999999999988004
85 99999999999892894
51 99999999999961823
97 99999999999860466
74 99999999999918918
84 99999999999895415
16 99999999999996442
34 99999999999983336
91 99999999999877222
86 99999999999890351
70 99999999999927490
71 99999999999925391
79 99999999999907536
1000
42858
55270
27634
50057
77332
43970
99657
84997
98131
59513
48668
19350
97535
30511
12358
78546
82260
9807
86373
37974
12723
93540
81051
83264
91583
36993
52558
35571
29025
11994
96648
2710
41829
44136
63671
30453
63259
87722
60942
66751
25463
28286
49059
27302
75856
3500
18767
7170
22277
41531
43793
88270
79955
62650
14699
3370
48096
69177
35075
52023
66836
13965
66980
35006
91995
1583
29403
59402
49092
1406
2938
71241
32901
41944
68952
4430
42484
32037
51502
86418
44655
8717
20347
55471
45013
48060
61442
35780
29291
17093
7783
34452
87417
88860
76150
43526
55114
48731
66748
85734
91087
71870
53547
28323
92477
14279
26170
50191
70122
64378
50083
31234
60692
40322
43428
61816
474
22827
54367
79406
84033
32645
45625
98185
72144
88296
12862
29103
96276
47338
96540
77803
62877
21802
18531
16301
48287
30793
36364
57928
35602
92524
37583
3059
48051
67227
11499
56745
90689
54213
22626
68328
77696
21146
11642
61142
74745
84527
10685
52503
26456
88894
97977
86456
12621
50435
9665
78024
9580
2592
13675
23961
76205
10522
25937
66916
48844
11993
22992
53346
49034
46252
57291
82099
47946
54819
45864
44539
50453
71187
56178
85184
48951
98998
36694
27150
91871
39752
54374
21683
52995
24587
23801
75587
76602
69540
2056
15252
57536
56315
1267
39523
39189
38655
28922
73934
80062
32864
89573
40728
18339
24947
2845
19849
16591
7602
62800
72715
82772
97401
9233
9966
42052
55946
52437
78756
62841
82986
13207
98630
67181
64514
67477
61965
62211
92959
76752
11738
26556
16082
46288
33038
49731
1840
8094
72882
1890
11955
81033
12305
11722
41783
62754
46041
88655
14718
15551
7358
170
82605
68315
57591
32277
3468
9652
21535
6226
40522
87788
34357
72165
86615
92169
99068
38581
36585
80214
19580
14863
53143
96319
64479
27875
30145
96953
34805
14821
32262
8983
80688
51789
95147
15318
89769
37368
25371
99698
36921
58724
18242
10671
91585
46776
88177
59377
25187
30234
8029
30308
52454
77975
62880
63989
89750
84958
64951
30870
33409
82885
52130
48126
33211
13251
88935
8743
13979
80628
49358
78479
18204
19289
39174
89303
88189
88053
24639
90055
63169
84145
53519
20520
88560
96600
77005
55112
66708
1340
78553
70170
88637
7439
17682
71891
17502
41963
8446
20782
86733
85099
32838
96137
12999
39375
26263
99878
44649
88092
98050
6379
35000
48122
52540
41986
53818
48084
89919
33434
24891
19067
9063
10468
76713
15876
3190
68278
86232
86629
79985
99340
71936
76284
82913
15618
51578
81640
35219
92155
70182
32718
45368
30013
90535
68565
58982
67475
77573
22410
93141
83594
12874
22653
85506
86452
38150
49442
48815
54632
63436
48594
63521
66335
63538
21671
61985
96569
51733
74595
2908
39638
44754
47274
34947
862
46030
3939
23628
61946
92112
96603
54799
39352
12705
73601
50249
24074
16691
48459
33948
55847
67223
5680
96109
93801
42469
36781
34085
53390
37880
16224
16241
66360
20559
67600
77666
31757
34958
83330
64878
31895
75931
19365
1933
44996
9409
49512
47868
91879
67216
54238
94142
94005
26523
13729
63670
50890
25848
58412
4206
81378
98564
46144
74675
14400
74237
42240
5750
16170
69062
24725
77516
7466
76582
50026
68687
37935
97225
54352
10620
52874
26205
14236
15731
86514
13335
79684
13658
24640
54252
35878
65658
48339
43864
12642
63904
68846
65562
98778
60350
70133
58678
78905
8487
58612
90898
55945
61366
98840
26105
74267
86152
20115
23259
15812
28253
2716
41419
84570
72731
39885
72608
43259
84715
45795
93236
33574
34522
32962
82184
93791
67993
43823
33054
91696
53054
7156
69790
1251
20097
7679
95025
83977
63328
8898
72681
35350
80475
37621
19831
97314
32056
54960
51188
14601
88864
79346
96121
29676
76576
36445
28646
63982
21866
822
28991
12408
35217
38538
30698
4854
81520
26084
850
82264
85668
40408
90215
26546
44237
90492
76828
50204
99889
32745
31432
70450
12602
19774
85893
36212
26675
35805
90516
56904
91982
82349
67031
87763
21377
4502
71382
31556
25092
24008
1851
63306
6964
73972
5654
2712
15540
9169
23321
44840
97927
50649
83356
87157
1687
43625
75418
18239
67761
56196
22931
12267
66279
6449
56649
44321
45420
6393
42179
62028
40732
67274
35692
9917
22929
23318
57588
38377
77647
97908
44014
25062
44601
79678
23473
29010
20633
19922
65688
12588
26140
34034
8578
84089
2324
75811
6162
68704
69204
47089
36463
44911
34231
58506
13829
54964
19002
7039
61507
31652
53470
90310
20668
8119
50023
3802
33350
80746
50815
41209
86685
44156
77939
78757
41985
71953
47669
77828
14611
94674
27577
71681
79068
98091
14840
82440
81575
32908
61807
81389
51106
89129
27777
92614
67745
58074
2193
76012
71387
6619
55177
71423
87979
93901
22967
45631
79472
83731
24746
92083
44717
79094
96889
77702
5866
79394
25884
28805
23537
67783
66513
70818
27794
84696
26136
69940
62783
43919
55640
64085
76561
53927
85080
98755
75489
56257
77318
94367
36591
68832
58708
94129
95359
88141
4566
23586
8055
92499
86181
66240
34947
80612
11295
63805
8145
85970
17732
27889
20885
67511
82715
71028
81222
23502
78027
33733
9567
25335
45410
77509
58175
54359
91314
81404
23242
4949
58607
79091
48709
62847
51154
48473
79741
47587
90585
31967
54977
76150
12356
20219
14212
11760
9050
22281
88444
33038
40802
5253
47910
21455
73738
13170
22719
43288
30052
34934
61004
70352
71972
28700
21875
88228
27683
56400
41952
30116
45695
97607
66081
83364
94905
83476
7626
19708
4245
93108
57554
1705
62941
17379
46548
63466
19999
17157
592
68675
25066
73150
55431
27485
81205
73594
23490
60004
13401
36646
50219
99976
51634
7188
84818
10013
80129
16220
73385
50363
38605
50325
94409
88798
23997
1792
82283
32007
18271
97918
86096
92697
50117
21621
21018
77181
63971
77679
31760
4318
58898
69658
80318
59822
74288
58153
98386
25311
67230
46833
38753
13643
98496
37613
54016
82765
63425
11547
80779
94310
83756
76861
9889
56217
73204
35193
10021
63470
76429
67353
11967
97171
85744
18188
83385
96246
70555
68131
25635
70764
21007
34581
82096
62222
79088
21339
8439
98967
40329
32788
69330
35623
29893
34435
57090
72067
9623
54412
30569
11730
94323
96762
13230
32577
69971
4924
79613
63872
34099
90884
77444
