500
322236146639 -92721740711983124
325863382095 -24201951081417414
424115874592 -11377982054100337
986721751406 68835930109508254
423065951076 -67528187023015036
782076819679 -95061813032044570
58536082787 -22814774449448148
761348606802 93875444654655683
458505023066 89902193767138782
494663305519 -86818447714395867
334069873274 4418533961660866
472524414224 -65654379876471532
716508927847 52825964174091675
696970591813 -29197079652551190
357281963705 35266487272746762
886110548814 29618606942910875
873530333310 -6256696955567683
747201111141 34653086565746829
700607190454 72090429173378346
315224706546 16732734602790112
94517988054 -38206146424253618
594135581460 24868996917770343
406111005254 -74022347661580441
692259049503 -72887338531177665
296077377251 2104854092758072
551623425304 -16086468754101621
648787936893 68723252089807491
721861173307 45649431400148545
494527622234 -13484392857217053
722070024310 -77916643879513913
920917316529 59107514932462694
637496141803 -11960907496905599
696275878448 35943057775561299
648392726130 94700854983031482
129066093175 39098139316773880
738547020820 32074283638991322
989065434779 -37757377734848023
285486986129 13790859284145295
643641877156 -75178152129324598
688414262491 -2317800398282852
679251183375 65583758954566921
203267508121 -12460122089158547
456977408844 20317243565575983
957436423589 -6794730141070350
69724403777 -80792485103700914
849147403662 18884873725488422
750123201221 69902847722901368
174942475543 -16176475984893205
341717620262 76247756598253848
21923830710 68215206301562636
69979121316 39438870276068928
798718313750 -91374451312984837
706012947443 92750007908861511
225529090965 19384296781592535
745865724861 80049866344751422
648395049671 93216452037974200
914432207902 5582614161975176
803627078129 -73370284874416638
835424656934 -60122784531267816
352531592847 -23479800801248945
266577215579 -1731372267445637
168820186830 -31249108176099825
396178778420 -7048815380652183
525388737554 86978568217694105
513816619423 98607422376797476
525959687538 -22381588790007611
470115899259 -32211940195015847
47101252151 -5346136841039488
309380753439 78847742147098579
410319539297 18121172967583000
57638828754 81021377835724133
372283462434 53564159733598708
327376499536 -12080077234140408
753739793760 -44596263774366016
48363115595 60010509254914347
68485884983 64771449936767413
936923146728 41082468981918020
386407058805 85162568507872925
338760512574 -38926841734184081
587269041693 -82717587694840257
928659050971 14688659078931959
154505323749 73378312897674037
324358228542 -27540741215376804
421646142647 -95100535462725003
196099983454 -26072750926074454
265666443059 -65667771068776459
92576355617 13887056276565332
519721639724 -58976210864204145
997743133158 74907472274626245
802549984039 -55959012079460945
969866838780 39956658942665995
543470763999 -68185429198843858
194815867432 -31233983231291369
789532062403 76388081093630574
549856436515 70947851308878622
559007693942 -92328151607787058
346256466970 -10425160853073305
909263137615 81120472305473935
103476726828 -46856654079259976
179985855959 68272893275343679
792716597744 39366201773813559
643606736205 15698281875254152
886211129324 730440979239019
168560582693 -440255693708825
172936514847 -36260191812165151
176317779076 -61519706882695599
303366682488 73340509914503594
257779057350 -66569714816770012
583665981020 2822090246905421
168381659129 -72848763189719891
70462889252 32268609267205432
158473168991 99519808654611859
575778719132 -53899253465472512
531517618672 -92160728570695913
844017158790 -71905015057931405
846418046677 98255573374490410
121753649685 47358329254101973
695811606510 34119948778498856
978007177330 -68470832294050396
792798758733 -10022287218684132
687246047803 -16017411726867542
664281031353 -16842837551766650
208892608255 -25440146486604210
129768764972 54018624450350264
429352756163 -79109413485602102
639284758102 99166755988179065
755377657216 -51210704513040037
30898504471 30732214185383121
424154770338 -97761198167225389
997409045001 77324068060833558
783420863115 96813799047812099
421063342323 22399372488536402
865367897614 89586156355482232
849489977431 -43965378850686492
559669750772 91610839680138373
909420402149 -39173127500005061
506827636346 47648093854618490
980482930438 -77624885780006682
226851694289 -88751762779241857
195457674066 -4468164962317988
51909224349 7994464841166133
693613938458 60890628159318284
673312802679 -20833909773529416
861165952479 59571723574149868
663550876523 -66136230473398420
368072500440 94800397670411398
541700469114 18916840090909562
254733084017 -52446989788140283
692503579417 -71867435314036103
601889456070 -45027786442124487
568623163313 -71327683912621012
68319055148 31657004550741005
197683064605 -94886300150962040
718294725289 34728572156586384
131594026031 -63931011624438484
925562684279 -64145480548923106
828990637867 17465155872472270
109555004293 -53514480405116492
822522998857 69921978725219474
893191666166 64440542208680685
961196456503 -99547011684414541
424640705439 -46190093880841461
549911643286 88505783600396611
222132704653 77675597609082299
310564087416 15839561696164642
624843976573 -59697724376272366
785681168617 -61334335514104884
410946342499 9327114992075354
393536946531 83511326824569323
627243957988 -60351612297871186
892945448023 -32740187286428226
109943173083 6050522783956819
681822902187 74106757495795832
646245315799 -79370826049616453
822361562423 87742401274337783
971895802012 85902091254626372
62795996487 -27206966174199773
228739760030 29397743505739180
369062902044 77981349124959383
753638472329 -69018717088311732
133748624747 -47606016162552910
434925553851 87987570754163237
942309666012 80899203308962538
702980328136 89460377805117281
323740789388 37471760222912302
799955670262 56534446320617892
269090129035 85368713412170633
28121182654 13685033470418724
129181134431 -33656934688739428
340371006545 25793760573634672
354645453696 -59246313649015210
63487171345 61521861501814287
513211202010 -53006123183911988
882536276499 -26693485041713201
100507524174 94212609214624920
786472248740 -17537474625689012
857206867248 46256218597426008
683165770945 51133319270968910
797722206410 39213745718630517
833049605021 50718421626420936
160400609240 39432361301471018
837516344863 39847416122298262
998721868299 89088906842602881
317444880993 -44870494243070986
492284756102 -68816121837067875
84546054962 -41259644145697544
838931404900 -54123263356346126
452542415509 79575072854085573
821097960752 7253667744069183
224667288640 -51266432688149389
660308618091 17177258950209683
860697884702 -60535181924094777
303759459081 -64312184131280516
518384389326 -97573193686384172
403746808308 -44718497621009490
959360981537 95150817832131455
692800132744 1835151441920413
879506109343 3183253784108505
325412041237 -6667582388214985
240388209411 -72802255824475887
320718812001 74918224868060599
703680811707 -93887733337952655
48664899875 31907631980456148
875663065193 -51054367150122955
345782539401 74930922337289801
358973722468 -62789065294610668
218795840435 -85438993675468884
240189883192 42640056060457254
185721556021 9110291383977288
181934049825 -30603653592299480
943817797017 -15391834094142449
976763727764 -86076850462830422
665038513115 49236667116490078
980306325175 -80693082778763327
123741323755 90239149423625151
410490172644 97880950364699029
437925022766 76278538609179405
881333957674 39127311837390949
730826584830 -45046947823936149
176396821964 -75712443056430290
302494506277 89507149250229125
495149513920 -38323360955915531
478325465702 45339797227110757
762631301168 59719153768762002
779334378997 37818810199111132
258869483005 -24486793218786159
64557310201 5122096493308114
530438133047 -47623761699044898
292849421585 -47807922343695905
138231826598 -50598930433687488
594156650188 82308546140413534
351097690436 -63818370841231175
190539194415 -27924165176364838
994377504961 77717427788023275
147471731508 -40059034345517552
273395680254 4470136169788293
825826837573 -54026950579686102
454405170578 -78099176734784756
146296878277 -67190708480125746
107001550920 68267509958593591
629159110023 91166770594740898
178407786911 63764551358110224
850201303381 -61881672541122268
717873273929 -78839414930648538
771727775594 -29181186105921959
486664665772 91181515777698531
164579280376 14862453500424825
830382328164 -5465335426436683
809295348900 72049919055459942
161898019263 -49837133219782045
781071136517 -98769745350293042
589013621823 69425373704653985
815564799784 -48918569126837689
493836985116 -4477300467381503
105743317007 -43518936847984339
701003949248 -79088566827365979
399092355117 51081640173460194
655261556297 -14162877628949455
37726688235 -1582326234455009
906296755722 -20506525668875037
675494533159 63970968785727999
475800387082 -10051962242118965
359350629552 -38904952347361517
618141894275 -73044743139475436
516138962635 -20437412085189913
957312356452 -77826267779409699
807535965105 -24424839674961941
334677745616 26674932301394346
921241572110 -61300974254026171
863425347229 48766973945767361
962957883780 -80062078873375235
809474571990 3383902396814775
445620841254 -14320357364359769
987050339641 54236389203721715
960312602109 -19747298387881665
440542520250 -12136670634599097
580182680711 4256729794251804
92946578430 45129925246184251
644105795635 49361468750824330
975926243809 -23365889348198710
756486935526 71389800975027653
555848275441 68210223292187834
841808428665 7676863428993007
832316637168 76723762815444516
679410332984 31233590266616914
531129459029 2422715829747391
236859229796 41392420733661705
445204805580 -28795250975210512
631082138546 -88136686481536391
589918191538 -80215794866259275
819897193675 -10771061970352198
610599585434 -26911065347580279
423047356874 45642878090728413
943889825226 92790631858214799
264859475393 -63458215252033747
139575540926 -87716754829885138
528369449268 -46527043658404298
486909952932 -11121871813459670
455431373979 -18189733697464153
696857140703 71273046445124860
334500874981 -33328261943076913
750070654085 -15870290365251328
896432557040 -77120126601526029
714433667297 -80587523254147249
94978103058 97482434770151495
422789361393 41935842215644598
700953441683 -36731119278410061
271985434600 -77406285983560734
14292440368 3414137738748076
458714287278 40719485057522376
157099143834 -59496207015677652
903630485595 33929089889360556
487845704693 -47602964120568988
717338944191 -59320824090924704
799589696346 -47914735088084597
219377343198 -79816232372975210
901482174805 48320006652001232
938736185708 -70584622639278064
544900372327 -753060685707808
533211470677 -45697507650874519
853796913797 -34498512385360238
296662258744 -5176160012357111
737676545431 99399086910885219
731895234790 84522971811432564
551189746682 -43164246200104521
63158108648 45762169906102355
718851388415 31664809892976847
102970611191 -92079415612252616
266160843113 -87288192027747195
299105410178 48232340042356955
177614538739 -60984517983817216
697922414635 -85368418332836058
45948585416 60156695998463905
57998627146 -54332870443094278
813139387913 35890837844530178
881102760040 -48527129323136181
723140621131 -15525459218869132
423214336198 -14343209938853053
179094493718 -13619800539972819
505009392340 80216082874464227
14046356327 -59201142201915847
301232543418 -16029482059459754
696705179438 -22859468182522553
358428481234 20804015125004082
704500952785 76723990829709587
548653431339 -37429570240009577
743329329064 61813921532653836
626893813512 15872518775574809
263236773246 -18485126750872947
579509185887 -51772624759099141
828504474902 2457691661749908
750663567707 -37379314192035243
831852695204 31142827717964115
649486538203 -46658607443552195
65578053483 -19161809847128339
979709881650 64114726668486837
992690359663 50395089777816662
990022549344 -22214866337816230
832407356913 -50052663600632794
137670320390 -30836027603863198
558816213015 46097940590728410
290715503106 85048037599168411
351931610651 -25981984119809880
839712526984 -78598338267550296
320925598668 66913920146751167
618309769632 71895471011467681
809959548169 -20034797609504951
660252015526 -3829472134329904
568802585674 74541129037448331
367125326026 -51377812273293948
884794771735 -64309879266644359
164058852238 77328931407767806
371161908878 13486844477252632
576679407435 -82955936803813411
594270964193 7875523620251429
164293658284 -48204992675729825
850128347350 -11335218747877857
197997503024 -44688431577428646
46296252485 -73029211809690027
714953270956 80297002258174891
473198359198 22827198772453145
785367225287 93729654492236131
109696075360 55070415272397774
525297605245 -74141963647206921
495420738723 68504500998020739
953607254941 -7338200501784866
68784355215 -44089738024564054
129863902795 55755945122544097
605445613795 -69565383841161418
54630907518 14552486268211191
539830759535 -46325457590777513
839849018243 -82154508414995685
718014630554 44608460752004837
406791376504 -72983456260330034
220652007132 75824903425141085
977459904722 -18887240061608816
339179511365 -18400015708141761
181710490328 79786915370436916
362851111413 10889790579179484
673601376805 23151139252081794
716721179042 -87542493708882774
315537811498 71595950608101817
605273291285 -31424052946737952
560012300457 29719004192518239
901397408685 82790326473715393
990004152379 10887203315144378
33811339482 -78778002441043029
304321448651 -39477755136258843
952066071715 41177084498092209
331895761433 -38276716470020508
744861675809 -14590232004285686
909015442489 81439934768602596
557457157633 -89739228643811122
616803772945 67100532612615791
453970577158 31763892749114552
585555920350 58906010001882785
374834064005 61018224115886184
132183114159 12489979270392698
838264385512 49372740864958002
551241846249 -1532461265649228
737676191276 -73349205466620849
106324797377 73733575331133884
926079668834 91755758116341605
217550024645 81662479663939792
135497690673 55478602694630558
114664149076 -69687035394460561
616909555282 -31456463225842588
71900165153 7947247114644642
168574044435 57482883533591732
695353109684 -53449988865436084
938541720789 48690474273158122
363624528104 60758876785024407
217687426702 38704639327587027
494208506734 19954088765319459
792390039624 -72299851199604738
954908356937 -80035317471681736
117248827296 96342108022337789
150497749073 27821597559739852
441627524168 45556515327788580
779378967984 87865934987695125
247317952133 -15722381559942161
847066102887 55780217882522904
514392542641 -79311707702106391
949401658314 -41142070493077970
750961460922 29725943815425088
854590316032 58742393716268554
123953719970 -39211261909756327
259783515780 8923767274919612
507014063357 -60719079028322959
923079180455 -21630734071678989
77485449846 -62147503204486298
663616073227 6517788937439800
71786082122 -96401327094778389
254908368169 93380425661810863
857912788427 -16922395439550305
672806641612 39214085423369244
440705801438 89751286611656716
102674049428 38496720560342390
564542428797 70796492939813802
791276029557 -754189324613691
255142497846 -63175429556260614
530998634805 72364572119327525
427319084971 -94485889621797544
173902166513 84577272954146588
596362939664 64667049588320532
153849773208 -46555569639971505
20978036144 -64189386569674296
688806778734 -73748055770862662
194220964969 -10670631394282394
867622820235 -2123376503492820
391446892075 54593155145103459
124386447706 27204470389878335
633195161724 -78795623448356382
259303887642 40573729173607158
587093929975 4280101472832532
344247402336 -31313720367284578
4231780040 -86463767754773558
185611749779 -91389174674513278
932151343922 21692417254572597
173495082607 83854205671025697
1000
3017
71843
27223
61304
73242
62547
54925
54941
46127
56822
77271
42600
23844
63929
76057
60160
73383
1210
13739
75453
28923
75501
66459
74543
4725
10747
78153
98742
39970
54142
55914
67783
87519
75623
86790
58350
3328
64760
9402
8262
40426
90442
89399
65346
216
29097
89729
15720
99705
90994
22800
55057
29168
57916
70354
71947
71539
6412
66919
80599
96109
1183
17892
51851
68925
49828
26097
93200
15413
72767
91499
29797
91387
27240
2946
35386
651
25066
41404
71414
83442
65956
22289
49298
43317
68171
96877
81596
64200
91014
58640
25077
11512
74609
72433
16435
62978
67547
56535
61760
10233
10760
48511
89817
59876
27855
89529
17327
25533
94076
13291
77577
14963
12720
57708
98529
36201
97820
52234
29635
75957
48490
82245
95953
7842
97460
43121
24673
29774
22763
7704
86685
43212
45553
49686
6786
73316
40959
87963
8610
74702
37184
1325
3042
45403
73716
82627
43964
47756
77358
84779
56574
7192
13494
47973
37194
47563
71368
53861
9140
1953
79796
97621
37255
17551
2652
3056
52864
92187
88792
70409
78289
767
49653
5474
1344
16778
5170
26261
48133
8446
33697
57039
62703
4531
45644
27887
31808
14323
63918
36396
93868
64028
42422
52268
92958
56993
19432
64558
2964
94345
38203
96993
958
85359
4731
21770
41987
97856
8040
16835
21083
26016
51510
14998
44502
1701
9100
69734
65651
94522
45413
31046
88394
60638
30257
63039
84643
72355
95317
12463
43165
88335
60967
60517
15464
91422
95187
51206
86955
18142
92153
22603
3487
87057
38732
51937
9713
59919
3220
22919
88100
25473
62925
77523
98509
99591
12262
45134
41557
37203
67747
62803
65243
78316
72604
63860
97519
8172
5660
3029
64632
92866
40162
79471
54383
98833
675
94414
23842
22607
34278
46772
8242
94055
21190
14804
45749
12215
34420
81687
14996
73779
75123
51450
84462
77856
21690
12590
54996
69274
39542
24535
80427
57838
66629
50606
41933
41985
40603
20095
70536
3143
93857
80108
32221
6156
64689
47272
66338
95407
70747
52380
2977
69410
8644
17541
85015
72492
76034
32564
71286
55559
56257
81581
4003
17218
47873
64392
35416
36479
58101
36084
84387
5462
86437
43727
27205
99601
74157
98575
59125
69454
67516
71420
47867
40608
26806
17555
63253
67246
7187
51269
78613
35187
74973
59925
47680
47068
57174
66942
66032
69805
7824
68459
20436
89020
3154
50333
77323
95925
346
35689
63789
38132
76758
52951
11810
35374
65705
66500
35240
94504
14125
35745
27953
44382
99915
8401
92514
42270
32676
10799
52246
84586
49548
82694
33785
89882
67817
70071
3342
40024
43992
7959
67338
42274
5705
38317
34966
27083
38718
14872
19376
12826
84592
93320
51082
56041
11850
44897
57162
89191
16460
28731
23465
69431
32137
87844
90804
78191
65193
30908
2222
92122
36392
55159
90508
34134
39413
74239
86807
64151
98900
8048
95086
6786
86397
41370
59329
90963
75354
7171
98903
17783
71533
13442
93289
38898
36360
88805
48805
9435
28722
332
59148
83963
57417
65931
16084
1554
74043
85548
93478
21842
66315
21003
7681
48834
29778
24600
42581
76764
35516
59705
93929
86639
46119
63877
854
95901
12967
71114
19338
36062
85349
87143
81318
70588
34939
21299
99264
54549
41849
62740
33218
4413
21572
40873
39017
99993
44594
17025
75687
61636
64975
5282
71937
17037
80730
49315
74385
36888
96136
39729
517
16505
72225
32142
58462
90236
96958
49005
34194
9280
76305
15480
11627
65238
1469
93642
82406
15303
16922
70550
18325
24396
21395
81342
33373
15508
6567
82236
185
19841
45643
63260
39285
57131
48774
21344
87475
34715
68819
52219
35722
3089
56867
19255
9186
33631
52184
54191
63481
51372
26059
68085
15265
74931
48488
73933
53695
1185
67245
44912
43022
56698
74318
71051
68538
10004
83604
41053
1254
70298
16601
92316
5862
56650
25389
47057
22789
29208
54869
18071
83425
87657
63078
38560
64554
42969
62702
11312
19207
79509
58892
85984
64368
70466
71091
1500
11093
86228
88779
38981
76789
72631
80496
9552
75912
98922
82993
7206
86870
80671
95378
2018
2878
1949
18570
41718
75536
15486
87206
57798
80019
45073
32484
92523
39072
58649
12281
99793
47141
97836
51276
47097
54466
79860
30968
55640
22159
19378
41934
71958
96885
12278
88849
68752
67120
99688
41944
22519
84404
78115
32815
3823
14341
19156
81302
36017
44605
1663
44608
6953
74634
51354
96246
36600
93517
19505
95826
92595
44412
16672
9860
42050
89536
64444
55729
65954
71928
38699
40046
68452
9461
96519
17161
27403
45020
86302
33889
60434
89159
25237
55433
42756
71940
28385
36905
69602
852
72844
82973
72129
22445
96342
76596
69545
43257
71217
27762
29783
16821
90340
37486
33979
17811
5322
22453
29659
79576
42320
78309
58543
24062
2682
37875
18115
45459
11006
63814
82168
49561
59719
41049
8642
83812
89139
18333
26635
36991
822
15028
81071
30567
31861
72727
14559
77710
95084
55537
30558
41945
39305
45730
95591
19395
63310
60190
29412
77624
44306
82539
44024
55099
94881
22758
62711
56832
20280
87327
87753
47762
61034
43768
82026
8270
33309
76618
59661
66151
81838
14495
2868
53248
62089
30425
56634
39285
24497
64458
56073
4850
62814
87738
49092
79130
61754
51429
10783
41697
41091
88986
80321
46579
36013
87805
55593
15211
14269
91109
92262
54780
24398
68639
45278
62124
23056
63817
99208
90580
11524
76696
95250
57345
41601
95058
26491
80502
5907
87093
75226
54088
59414
37998
59381
83616
43775
31427
23723
57501
58676
51082
69771
10799
61135
9103
40858
93821
82174
44018
21938
80640
12806
38727
84445
83238
45884
95444
48574
49584
99274
52310
56904
90932
1040
62364
33125
4859
50241
50218
29488
28004
57442
85176
50491
43232
79118
48625
7018
85172
51348
67637
71190
85402
43863
29719
33996
32352
86925
3039
43339
46311
56801
14792
67210
38149
3154
75683
7183
57380
73681
52115
33272
55872
57383
6063
43510
42509
25517
94916
3374
42671
82609
44656
7863
85345
15320
64872
27710
51343
85910
14291
80644
78107
67096
27884
60158
40123
54490
20036
94165
36697
23826
69501
14948
44274
88099
16464
19293
18328
63594
22536
18500
86992
72950
30725
79922
24565
49511
53370
7987
41075
39222
34032
40648
27212
1421
5313
3270
87511
66954
52925
22
61180
41921
28872
84723
98649
