2
1 100000000000000000
2 99999999999989388
1000
54311
8466
82055
65419
5271
4799
21521
66767
24897
69127
84527
23303
88924
56421
88108
74033
25348
10105
91155
33359
49782
20392
66551
61703
4246
98906
8620
30435
23884
39386
82603
76594
1922
92154
34066
87461
74344
716
41410
19059
84913
71818
84383
29205
20723
80142
42644
90506
18475
22203
12620
83668
77847
29650
83034
32474
13082
15230
64594
97476
72411
60617
98253
450
11270
15876
48617
3526
91209
92355
51111
45093
5625
54431
98124
16025
19691
8466
92992
35202
22587
55742
89554
49728
3880
18311
30353
9307
88181
99636
32468
38972
97866
56690
19540
34097
19474
10929
18861
93293
39931
29093
81377
25573
62808
6982
63028
72948
81890
33744
87953
40344
18899
93732
30563
34738
49002
15941
59165
27114
34954
34108
64211
8521
602
85589
5183
40446
67750
83264
59805
68410
36156
93712
56750
27155
66993
10239
30553
25892
10266
23112
32582
19276
46387
93676
73857
76587
77019
14478
20957
14248
82998
36151
54126
31341
49162
29618
61678
50313
962
56689
9945
52813
59918
53574
65776
60240
80897
8491
8410
51339
83858
73531
10495
23422
94427
94806
76139
76521
36413
48833
62161
39860
55290
9924
90117
12935
77914
4394
14657
17906
4967
90468
46209
54311
88976
63879
27559
37403
12138
31337
61111
39273
75658
77096
69532
9230
5132
26499
51874
29390
45424
37311
35290
974
29239
50979
10841
60536
36618
85724
91672
35034
58004
97850
5365
56327
23747
4177
59601
73428
26411
98297
24145
14492
60834
5231
46814
16573
65669
99186
78724
1017
89106
75526
64598
40054
86476
94644
61064
78302
43771
86376
15380
37728
7305
85106
54998
80109
9061
23878
44688
87708
10244
37692
14055
13414
9915
39728
48259
10474
76870
67459
97971
78378
55013
60280
18759
97005
83290
1912
97844
40219
73836
51278
16116
38500
16614
25932
12547
42585
55384
22725
27875
27601
34389
26704
88089
60710
31540
54571
98862
36725
42640
57398
55022
34210
91400
15156
32012
33841
63071
74894
4029
56686
18077
16079
45016
14918
83692
63912
58364
2732
57276
54222
86922
58069
50847
8599
8807
85116
46253
80705
24572
91679
46754
31084
30710
20768
40155
64186
96774
96613
98301
85494
44641
92888
23886
77450
89505
46279
36538
56199
34978
52453
10735
16993
63558
38855
41441
85681
47698
58953
23655
69265
32751
84007
1372
68067
29961
11652
80735
45643
77683
99878
47507
31216
69666
17495
69472
17919
54029
42214
5424
11592
59124
79492
13779
68127
18710
1512
31003
84412
75961
39147
85441
94396
43461
94957
5950
69917
47369
52942
53554
78054
95637
15989
14753
18205
83583
95821
1617
11630
85246
79043
76494
74795
29042
40426
68582
56231
73690
48407
83854
56954
87100
50340
83834
76544
35808
70449
33096
45306
44981
767
64695
93931
25675
53011
48840
4284
51864
41433
33700
36024
86708
42654
30613
92561
33756
87957
38315
82681
16178
73172
72312
50954
12219
33940
12277
28447
56448
78579
54875
45688
31438
2773
96907
99642
44214
7999
83399
94381
85325
80860
9046
87516
94253
57592
94596
80440
28531
79527
67487
93942
3903
22911
81371
2636
96759
73465
49583
15000
76803
95956
26678
70169
70802
15762
1007
96756
87925
59578
78174
29968
25343
8916
43880
45274
26475
88816
61083
10210
29493
98303
91268
67868
98271
43704
78070
5568
48014
44469
98282
92939
31915
68915
40089
59260
67683
74390
13188
29719
29415
98434
68653
58886
66893
16995
52379
41426
73101
44230
67258
90894
32676
798
24153
41101
67828
9088
58410
24647
21250
99143
80869
36185
59767
64945
36709
43713
23040
52383
97001
75749
26735
19993
24853
38093
16823
66440
24686
3557
9619
96763
73986
73117
8704
85218
21374
168
33854
35382
74485
26944
49331
25775
87520
38176
57480
19628
94969
58057
16938
96175
68702
21502
27338
52926
74932
7751
42110
49859
20130
37138
23550
64685
22706
16973
56359
46573
30995
13134
24571
69818
30265
80491
22143
32877
23644
80642
43004
79494
11893
14259
61983
14565
69188
44544
32410
2577
28908
25652
55072
90261
15445
42009
63596
55518
62474
57536
1531
55102
95833
79421
17837
78764
51350
94665
19528
81538
18199
61151
27477
81182
25369
40319
34945
83905
71290
97901
91294
6035
27741
9618
6559
23645
99977
10970
1535
7885
95434
8181
24763
89014
591
82327
84467
85261
24330
2809
63757
11789
84563
95989
17106
45588
30981
23981
41455
57700
40832
25252
18454
43715
72389
46883
5434
22651
90557
53750
91286
18331
71635
92525
26087
2580
15061
2844
43693
80956
60951
20667
94543
72590
38767
50086
55732
12361
74490
76157
89866
91181
13046
49734
52290
41953
34054
75174
52498
85999
96914
31212
13714
24070
72004
79430
86144
5687
19595
69802
83324
58297
88060
74479
98348
7462
6796
73073
4889
85179
17367
13328
32784
7324
49917
41777
83523
2477
97343
74204
48006
53946
7174
42364
64690
1744
85117
15970
42436
41474
43346
45251
44991
77541
10905
84469
25638
90612
66537
20214
59811
60812
45980
32389
33283
92977
86259
46759
84216
64808
1392
16419
42293
10491
4955
88358
96982
89976
74974
42497
25397
13778
6985
11558
75190
37791
9230
90734
39964
37624
27174
11638
14833
39580
77866
33404
51362
24141
55226
74119
89601
67409
50266
48957
97826
5138
91824
5515
71358
82527
50664
69569
30227
1193
31952
915
29921
9894
2940
61241
51918
73426
81475
55631
7844
40681
34752
78294
65390
37422
55826
38321
61214
83144
50364
36905
2698
959
23781
57770
34090
89539
5306
4612
67772
6342
97831
97098
36609
91325
15010
39542
4637
81826
74304
89987
76154
77205
98782
91762
7653
2294
23897
96838
25296
83725
53046
93960
43727
88323
47035
56387
52699
38502
74292
18761
87122
55273
27087
72460
7316
91713
30464
13926
22952
70569
92414
882
70613
90847
49924
24240
34121
29893
6161
10885
90710
94017
45480
95896
73936
90333
81841
41526
14096
63783
44822
38448
23956
22066
83975
69912
93980
9556
79766
67495
43023
47974
93564
56730
38580
42119
24562
47216
42650
5081
66425
34702
54704
39139
49843
98459
56237
43757
78215
21892
10921
24135
97057
66777
49698
56130
26255
46606
78457
35253
165
52123
85458
37241
93946
56861
69719
69582
95529
99475
89942
60596
32529
85281
54558
58419
75158
6160
60870
13619
84573
36364
62311
51652
93876
61797
39965
78520
87399
71375
70377
44356
