500
392 99999999997714063
463 99999999996806031
13 99999999999997645
355 99999999998126814
231 99999999999206774
192 99999999999452457
449 99999999996996669
384 99999999997806759
50 99999999999962733
363 99999999998040952
259 99999999999003573
306 99999999998610238
409 99999999997510563
310 99999999998573697
148 99999999999674929
418 99999999997399142
183 99999999999502550
68 99999999999931126
140 99999999999709037
358 99999999998094822
443 99999999997076675
430 99999999997246724
469 99999999996722605
223 99999999999260800
165 99999999999595997
372 99999999997942162
129 99999999999753053
213 99999999999325698
8 99999999999999174
27 99999999999989396
253 99999999999049027
228 99999999999227231
446 99999999997036813
176 99999999999539957
92 99999999999873882
212 99999999999332031
447 99999999997023462
244 99999999999115242
492 99999999996392941
417 99999999997411646
289 99999999998760090
270 99999999998917342
220 99999999999280555
106 99999999999832933
272 99999999998901270
18 99999999999995400
170 99999999999570982
488 99999999996451412
465 99999999996778330
199 99999999999411765
342 99999999998262508
298 99999999998681899
240 99999999999143888
299 99999999998673054
388 99999999997760650
219 99999999999287083
103 99999999999842137
164 99999999999600894
435 99999999997181873
63 99999999999940876
294 99999999998716955
349 99999999998190042
406 99999999997547124
154 99999999999648137
143 99999999999696472
367 99999999997997335
374 99999999997919887
416 99999999997424118
333 99999999998353447
301 99999999998655264
335 99999999998333473
370 99999999997964314
237 99999999999165097
163 99999999999605761
282 99999999998819284
84 99999999999894951
329 99999999998393085
332 99999999998363397
33 99999999999984017
250 99999999999071349
455 99999999996915656
267 99999999998941252
117 99999999999796843
23 99999999999992386
496 99999999996333949
470 99999999996708586
20 99999999999994273
407 99999999997534972
279 99999999998844191
38 99999999999978740
459 99999999996861090
343 99999999998252254
201 99999999999399839
356 99999999998116183
144 99999999999692226
436 99999999997168815
494 99999999996363499
331 99999999998373324
487 99999999996465950
286 99999999998785653
78 99999999999909446
1 100000000000000000
376 99999999997897507
239 99999999999150980
442 99999999997089912
410 99999999997498320
327 99999999998412696
48 99999999999965673
432 99999999997220875
93 99999999999871121
98 99999999999856930
266 99999999998949154
288 99999999998768633
448 99999999997010080
94 99999999999868338
128 99999999999756880
185 99999999999491601
321 99999999998470694
85 99999999999892421
99 99999999999854021
302 99999999998646319
218 99999999999293581
115 99999999999803697
182 99999999999507989
399 99999999997631353
453 99999999996942778
354 99999999998137421
336 99999999998323440
243 99999999999122457
380 99999999997852380
308 99999999998592026
74 99999999999918494
174 99999999999550405
54 99999999999956512
458 99999999996874774
125 99999999999768180
263 99999999998972665
375 99999999997908707
107 99999999999829809
269 99999999998925346
59 99999999999948125
291 99999999998742936
61 99999999999944560
378 99999999997875009
383 99999999997818213
320 99999999998480223
390 99999999997737417
28 99999999999988578
112 99999999999813730
46 99999999999968525
97 99999999999859818
181 99999999999513393
173 99999999999555598
461 99999999996833622
252 99999999999056493
277 99999999998860666
104 99999999999839101
22 99999999999993050
35 99999999999982003
400 99999999997619411
37 99999999999979865
457 99999999996888426
89 99999999999881997
300 99999999998664169
486 99999999996480462
133 99999999999737452
309 99999999998582875
450 99999999996983231
330 99999999998383223
101 99999999999848129
109 99999999999823464
261 99999999998988183
226 99999999999240743
268 99999999998933318
224 99999999999254149
357 99999999998105522
9 99999999999998935
477 99999999996609678
120 99999999999786320
209 99999999999350858
75 99999999999916290
247 99999999999093436
474 99999999996652233
157 99999999999634293
6 99999999999999565
412 99999999997473719
134 99999999999733484
340 99999999998282941
232 99999999999199898
429 99999999997259606
26 99999999999990189
403 99999999997583406
32 99999999999984983
137 99999999999721386
499 99999999996289456
315 99999999998527372
304 99999999998628343
466 99999999996764445
160 99999999999620164
43 99999999999972586
162 99999999999610588
62 99999999999942734
158 99999999999629610
345 99999999998231635
397 99999999997655155
4 99999999999999820
348 99999999998200480
56 99999999999953235
86 99999999999889859
445 99999999997050125
87 99999999999887274
16 99999999999996393
149 99999999999670530
415 99999999997436560
462 99999999996819840
456 99999999996902058
276 99999999998868853
452 99999999996956294
382 99999999997829636
386 99999999997783750
179 99999999999524098
364 99999999998030089
424 99999999997323506
177 99999999999534703
14 99999999999997258
379 99999999997863707
82 99999999999899893
196 99999999999429401
391 99999999997725760
187 99999999999480550
30 99999999999986844
122 99999999999779168
246 99999999999100731
233 99999999999192993
381 99999999997841023
73 99999999999920674
353 99999999998148002
200 99999999999405817
495 99999999996348734
206 99999999999369454
197 99999999999423554
287 99999999998777154
204 99999999999381702
159 99999999999624906
318 99999999998499181
422 99999999997348834
293 99999999998725646
72 99999999999922831
491 99999999996407611
171 99999999999565884
58 99999999999949857
76 99999999999914048
311 99999999998564496
83 99999999999897441
45 99999999999969906
401 99999999997607444
413 99999999997461364
11 99999999999998352
339 99999999998293118
483 99999999996523807
283 99999999998810933
313 99999999998545987
71 99999999999924948
136 99999999999725448
316 99999999998518014
17 99999999999995911
346 99999999998221285
260 99999999998995897
100 99999999999851087
385 99999999997795265
444 99999999997063410
31 99999999999985926
389 99999999997749053
328 99999999998402908
95 99999999999865525
21 99999999999993674
24 99999999999991682
47 99999999999967110
254 99999999999041526
352 99999999998158559
319 99999999998489720
420 99999999997374035
351 99999999998169084
172 99999999999560754
175 99999999999545191
265 99999999998957025
475 99999999996638079
476 99999999996623890
347 99999999998210898
421 99999999997361445
324 99999999998441868
344 99999999998241962
202 99999999999393826
214 99999999999319329
190 99999999999463783
203 99999999999387784
472 99999999996680470
80 99999999999904722
303 99999999998637349
188 99999999999474991
307 99999999998601151
350 99999999998179577
426 99999999997298040
34 99999999999983030
198 99999999999417675
377 99999999997886273
460 99999999996847375
184 99999999999497090
484 99999999996509394
189 99999999999469402
402 99999999997595442
161 99999999999615388
230 99999999999213618
371 99999999997953252
280 99999999998835913
394 99999999997690587
25 99999999999990951
419 99999999997386603
29 99999999999987727
471 99999999996694546
251 99999999999063939
113 99999999999810422
5 99999999999999708
65 99999999999937065
147 99999999999679294
44 99999999999971259
193 99999999999446750
395 99999999997678812
396 99999999997667003
156 99999999999638939
296 99999999998699485
387 99999999997772215
64 99999999999938984
305 99999999998619305
467 99999999996750534
88 99999999999884651
216 99999999999306506
205 99999999999375592
479 99999999996581175
411 99999999997486038
225 99999999999247459
408 99999999997522784
215 99999999999312931
256 99999999999026436
195 99999999999435219
105 99999999999836027
428 99999999997272455
139 99999999999713177
464 99999999996792193
178 99999999999529411
438 99999999997142622
454 99999999996929233
290 99999999998751525
441 99999999997103127
368 99999999997986359
67 99999999999933138
210 99999999999344610
53 99999999999958108
36 99999999999980950
362 99999999998051791
152 99999999999657182
49 99999999999964214
142 99999999999700685
10 99999999999998662
150 99999999999666107
481 99999999996552540
325 99999999998432180
123 99999999999775543
141 99999999999704873
398 99999999997643274
151 99999999999661661
145 99999999999687950
248 99999999999086107
431 99999999997233812
437 99999999997155732
485 99999999996494947
337 99999999998313369
131 99999999999745321
57 99999999999951561
405 99999999997559247
473 99999999996666362
208 99999999999357077
102 99999999999845144
278 99999999998852443
2 99999999999999976
284 99999999998802543
119 99999999999789856
273 99999999998893204
440 99999999997116322
271 99999999998909316
135 99999999999729478
317 99999999998508617
274 99999999998885115
366 99999999998008288
155 99999999999643556
361 99999999998062592
121 99999999999782763
414 99999999997448978
194 99999999999441003
19 99999999999994849
70 99999999999927028
42 99999999999973884
238 99999999999158050
40 99999999999976382
468 99999999996736584
480 99999999996566873
12 99999999999998010
229 99999999999220437
41 99999999999975150
365 99999999998019205
433 99999999997207908
434 99999999997194902
96 99999999999862682
482 99999999996538185
227 99999999999234000
222 99999999999267416
393 99999999997702340
285 99999999998794116
3 99999999999999912
292 99999999998734309
110 99999999999820255
15 99999999999996838
439 99999999997129491
369 99999999997975352
90 99999999999879318
404 99999999997571346
211 99999999999338340
221 99999999999274003
249 99999999999078739
262 99999999998980437
207 99999999999363276
478 99999999996595440
91 99999999999876611
81 99999999999902318
334 99999999998343470
234 99999999999186056
314 99999999998536696
39 99999999999977576
132 99999999999741398
359 99999999998084102
111 99999999999817011
493 99999999996378233
264 99999999998964861
138 99999999999717297
451 99999999996969773
341 99999999998272741
241 99999999999136776
108 99999999999826651
489 99999999996436847
255 99999999999033994
312 99999999998555255
127 99999999999760680
423 99999999997336185
500 99999999996274578
242 99999999999129634
66 99999999999935119
323 99999999998451516
425 99999999997310790
338 99999999998303259
322 99999999998461125
168 99999999999581086
130 99999999999749205
258 99999999999011225
114 99999999999807075
77 99999999999911767
257 99999999999018842
326 99999999998422457
235 99999999999179095
281 99999999998827612
373 99999999997931041
236 99999999999172110
124 99999999999771881
275 99999999998877004
295 99999999998708236
55 99999999999954889
153 99999999999652678
186 99999999999486086
167 99999999999586091
60 99999999999946357
497 99999999996319144
79 99999999999907101
427 99999999997285266
7 99999999999999389
166 99999999999591060
52 99999999999959679
498 99999999996304314
69 99999999999929087
116 99999999999800281
118 99999999999793366
217 99999999999300057
490 99999999996422245
126 99999999999764440
245 99999999999107998
169 99999999999576050
297 99999999998690707
191 99999999999458135
146 99999999999683636
51 99999999999961224
180 99999999999518764
360 99999999998073361
1000
17561
31110
69357
64343
47108
54470
50273
10035
34290
91351
59961
33445
61006
63026
90468
69911
97834
24053
13459
28441
73496
90753
61180
6910
96850
87162
25819
8860
50546
92139
66924
94416
40251
29215
8370
9240
81614
53929
83412
23607
90550
82973
40058
41460
4509
53076
35156
35739
96788
2124
30131
54618
36015
38150
88334
74501
90663
64167
14495
34580
27382
75863
56036
90528
158
21221
32158
52009
20739
44992
51637
68658
48012
84863
26130
7331
67206
9115
14915
15367
42753
79984
89338
71628
6961
17952
21455
26789
4014
96399
59994
69003
1364
1000
11129
26392
82436
21462
43920
58538
10849
940
43748
93510
60852
20190
39455
28339
31753
86469
18800
48475
4720
53920
94984
22061
89916
78413
51837
60062
61159
67892
1674
82435
89100
3004
11629
16888
42444
13076
10505
70940
79082
67244
71586
93811
45679
44889
50115
98915
11782
78676
9883
67863
70369
8444
93403
10879
3186
84783
38042
13230
12723
65141
64337
63707
32735
97270
24800
73120
73494
29342
47655
25886
74077
66784
13357
99671
44412
73776
85117
69587
22206
80712
73956
89372
2036
41796
91989
86209
37266
89094
76229
33495
52913
94450
99951
371
28204
3955
64976
68817
74051
85365
5420
94544
56666
36360
39880
20660
97019
41892
45102
28451
41008
49087
78892
50025
63370
65048
36597
30452
76477
17072
7358
64792
45729
72300
6530
50123
73363
54292
79519
77098
91922
66903
50647
67891
55426
70213
25680
33961
65548
14611
70228
5748
79068
5435
78834
58558
71042
17529
81467
35318
74866
46767
57413
73265
3716
31650
98316
36196
69684
89402
76364
61931
42435
29830
48520
31718
51604
83638
65702
9270
24208
21887
9137
60933
66626
97467
26582
3611
84444
15334
18567
28169
63345
81890
24283
36194
35608
64564
8108
72765
5999
28548
12887
85909
87862
19841
78240
52265
2448
58875
94059
41244
79846
63559
15556
37046
39651
17215
49336
75969
18008
12767
19226
876
96986
8073
19551
9548
39199
86658
44514
99190
97157
72915
90689
46375
29035
79017
46782
4956
61206
78773
7422
14586
37358
73132
74637
72455
65150
42216
25625
33967
52727
17125
819
97856
85325
31141
24881
37390
49049
47661
10990
18352
66741
47141
87081
7873
26851
25180
72354
34432
90119
2626
25312
63440
28456
61389
29901
95417
7219
4340
16920
6341
95032
78039
86450
9475
20043
96405
82674
4232
95236
19027
20465
66185
27967
8860
23855
42371
72221
47580
85388
69811
25346
97476
4111
57918
80693
15241
49763
66698
12546
49573
6101
99875
70523
69237
70775
4055
28659
51609
41568
36794
15458
83063
56842
6211
50244
53271
58995
39085
81401
10920
92604
5367
6503
88730
84589
69637
64115
4387
86863
74620
16652
16219
59024
84202
60384
54559
57699
8508
85285
22641
94461
20901
34258
49142
40537
60062
9891
47735
8469
74112
11032
22593
17651
19884
47894
23301
5433
50596
79684
31288
35057
64367
45552
50164
5226
43033
90696
4789
50069
57840
55329
37470
19753
28840
48020
66001
28287
58424
47004
59674
52598
24891
2713
75557
64848
6192
84047
78531
52596
78395
86536
35082
27050
31201
97486
30994
98850
85904
530
73208
3373
72085
88200
33854
73506
29571
6568
10857
85371
2867
49903
50274
30901
99646
68252
92406
74484
95333
30067
51350
84252
10442
61949
11224
27001
41588
17318
71092
37816
84911
27710
20455
59564
96265
19385
14803
81674
85751
68367
82301
36013
93998
52348
60846
20562
90154
17537
44915
52829
86410
86433
56317
48851
69905
58565
13410
63774
80551
8761
81562
60364
73527
50605
68258
96496
79695
88212
9469
72608
3714
88264
93838
77845
76745
95204
3071
91726
10718
89417
29949
97261
33951
8890
45113
39480
21361
46143
744
19129
63803
96006
76132
6303
45830
55037
63146
74523
25476
67034
93146
10180
75206
14387
12090
86451
29668
18854
5555
32136
7354
6514
41650
47939
21733
91804
34377
1035
24361
92652
68651
49163
16782
84653
20915
66192
27039
47632
53502
57484
24170
43369
86316
1078
58082
51217
13379
96488
85568
99810
1324
73984
26558
5086
67124
47999
16571
42313
98796
26669
3482
99338
11082
147
19970
10574
74726
72927
70751
97125
48862
13828
21504
56739
71090
823
79031
78304
2152
46579
98428
36025
93769
65750
1322
64941
14658
1538
43009
31616
8325
40445
32226
74171
27333
25009
80822
69162
2045
84108
17672
28317
46378
72673
54246
50855
78828
74246
63300
53154
53289
88884
50456
50730
47435
89834
36447
76477
75677
62091
85975
58081
49713
42491
24355
9694
64861
58981
43626
30464
19865
97336
29816
38166
9506
63781
74332
9590
65691
43747
80040
38519
49383
31628
46933
65525
47280
12413
43420
10576
4259
88250
30397
80493
90290
83623
33948
60180
35472
76432
85951
60400
15865
66146
86578
73746
28583
11120
30371
28559
20734
80911
22630
43581
93793
92250
47761
35898
78746
16270
16193
88933
51990
77775
52436
16387
59143
32866
72333
44539
34976
51697
24788
57722
43165
86474
90643
23120
43096
71264
6266
882
34933
63336
96251
34710
50295
82558
22670
24793
23816
78718
5455
18332
94837
23531
77691
41571
41392
74699
51735
31669
75917
96520
89289
287
44645
69009
85341
78257
98006
92055
26049
1535
70656
39312
5865
76161
70249
76152
93644
53331
45338
26091
1508
89046
7009
69964
53842
49997
25101
43010
52793
5857
81781
18133
67646
20478
99793
85301
77102
59860
15423
3476
26232
73590
24704
5927
55599
93470
47992
49992
64905
44039
13585
7415
35490
55506
26520
28308
18394
17826
79391
22983
64659
9887
38010
66073
84084
28695
53826
6008
53289
66168
22325
23831
90816
34392
75955
5963
47053
92333
46051
85391
90567
79061
92780
25345
54761
86800
9276
98787
27186
29185
45637
52987
83653
27152
1019
16819
36362
89258
21911
23833
9451
13024
46903
25408
29400
93476
20347
27294
31875
77871
25866
89260
95077
8478
13675
83657
25943
17008
33484
3063
44506
70954
41983
78940
82192
58323
43064
85539
14848
82744
19536
94521
24918
89577
32165
14096
92800
36122
62264
26879
69330
61283
65517
29215
69315
29793
43534
4880
20782
64563
28521
89746
83826
59549
48781
38156
92946
79752
81041
97961
73590
20736
24270
26230
54056
14677
88160
32166
8376
62010
38472
16846
14329
67145
72397
54345
78273
57246
28374
42324
60877
67223
69969
82995
98395
44698
53072
64619
2285
