26
5046 -1119
6341 -7577
9679 5115
76 -7138
6924 -3469
8706 5453
9251 -5616
6282 -9648
5519 5109
744 889
4527 -3144
7668 -3875
9588 6981
8411 1723
5687 -9638
5165 -586
8320 5932
9408 465
7488 561
8043 -3205
3032 4098
9852 9130
928 6443
5283 5250
9825 -5261
8549 -2460
211
65806
69866
54299
4320
57906
41486
29138
95943
74607
83124
19397
3594
7088
51198
91226
65464
14452
54886
85449
83540
38896
665
8962
48308
33867
22071
65572
45154
7841
43892
22471
22687
11425
89658
60755
81147
42255
29573
57031
89822
39362
90821
40755
37379
71847
70400
25342
71639
68604
47981
13312
34174
71830
70745
88873
45583
36444
23750
39033
5363
26025
11944
43942
56810
36206
26534
31353
16837
90733
75263
49681
72813
97087
64226
73246
20571
26543
49332
92711
10942
39037
12174
91269
56088
47581
82941
29317
92353
53845
83681
80458
25251
91202
65070
98281
96380
80915
46573
25964
76191
55117
5180
29328
70195
6533
29834
86246
4786
78153
4700
1045
79948
1496
89995
1750
15906
3077
73508
18263
80331
39800
20262
91001
9106
46348
23783
80914
821
15058
8752
52780
17832
33741
96540
37828
62480
34549
66621
28204
92553
21492
62903
79433
2785
50251
49091
24117
67098
64270
87118
88286
16139
13188
66903
20198
34592
95912
58036
45281
72310
9067
79214
69498
72096
71727
16928
73582
76581
62253
31196
45423
14495
75536
14086
962
86237
85944
39639
19265
6722
11801
187
21946
81316
85625
77907
1807
82157
39189
21204
9012
9822
18012
54119
35252
73127
63570
13223
65037
49712
48207
16454
22671
63668
34430
71304
45984
26368
62526
49701
42587
