500
31 99999999999976131
289 99999999996998606
494 99999999991246454
399 99999999994282103
264 99999999997500898
265 99999999997481588
28 99999999999981110
218 99999999998303034
352 99999999995544423
281 99999999997163189
420 99999999993670383
342 99999999995793376
199 99999999998589423
25 99999999999985292
239 99999999997958070
415 99999999993818869
186 99999999998769054
266 99999999997462184
498 99999999991103666
406 99999999994081245
138 99999999999327391
426 99999999993490049
340 99999999995842172
386 99999999994647059
470 99999999992078979
234 99999999998043367
321 99999999996293354
308 99999999996587772
133 99999999999375324
446 99999999992867583
303 99999999996698056
318 99999999996362613
111 99999999999565975
209 99999999998441919
372 99999999995025676
262 99999999997539420
69 99999999999842980
71 99999999999832552
445 99999999992899441
11 99999999999997053
345 99999999995719405
429 99999999993398820
274 99999999997304019
496 99999999991175190
146 99999999999247230
280 99999999997183462
79 99999999999787008
85 99999999999749325
227 99999999998159037
391 99999999994508249
383 99999999994729419
329 99999999996106150
180 99999999998847932
55 99999999999908019
224 99999999998207682
144 99999999999267802
434 99999999993245025
348 99999999995644880
211 99999999998411554
334 99999999995987049
188 99999999998742203
149 99999999999215511
458 99999999992478600
242 99999999997905837
228 99999999998142704
163 99999999999057044
160 99999999999092336
134 99999999999365819
126 99999999999439948
286 99999999997060831
86 99999999999742883
213 99999999998380889
343 99999999995768826
404 99999999994138950
161 99999999999080684
451 99999999992706746
155 99999999999149650
377 99999999994891995
430 99999999993368230
82 99999999999768406
76 99999999999804782
468 99999999992146207
362 99999999995288060
335 99999999995963079
438 99999999993120657
198 99999999998603817
389 99999999994564035
302 99999999996720034
193 99999999998673957
220 99999999998271605
165 99999999999033242
296 99999999996850159
400 99999999994253551
336 99999999995938994
396 99999999994367393
93 99999999999696546
312 99999999996498481
484 99999999991598223
421 99999999993640536
207 99999999998471945
46 99999999999940564
347 99999999995669815
263 99999999997520166
151 99999999999193984
450 99999999992739069
177 99999999998886122
485 99999999991563363
99 99999999999655232
459 99999999992445742
210 99999999998426777
311 99999999996520899
332 99999999996034798
106 99999999999604334
200 99999999998575023
247 99999999997817398
45 99999999999943602
107 99999999999596884
384 99999999994702042
257 99999999997633960
116 99999999999525676
449 99999999992771279
58 99999999999895402
392 99999999994480186
373 99999999994999131
479 99999999991771633
472 99999999992011274
233 99999999998060164
354 99999999995493677
232 99999999998076824
206 99999999998486843
374 99999999994972451
182 99999999998821973
21 99999999999989951
341 99999999995817783
317 99999999996385503
413 99999999993877726
73 99999999999821645
395 99999999994395662
255 99999999997671340
435 99999999993214097
351 99999999995569687
295 99999999996871620
370 99999999995078605
119 99999999999500751
42 99999999999951883
240 99999999997940716
221 99999999998255771
208 99999999998456937
219 99999999998287332
423 99999999993580692
250 99999999997763402
328 99999999996129743
52 99999999999919762
483 99999999991633028
326 99999999996176863
278 99999999997223855
489 99999999991423133
181 99999999998834977
390 99999999994536178
359 99999999995365715
23 99999999999987797
369 99999999995104929
305 99999999996654025
440 99999999993057874
24 99999999999986590
322 99999999996270189
32 99999999999974339
114 99999999999541919
408 99999999994023449
66 99999999999858200
486 99999999991528476
34 99999999999970398
229 99999999998126288
236 99999999998009572
40 99999999999956929
216 99999999998334282
402 99999999994196354
118 99999999999509163
124 99999999999457649
175 99999999998911300
1 100000000000000000
33 99999999999972436
455 99999999992576912
203 99999999998531256
285 99999999997081452
164 99999999999045147
324 99999999996223738
355 99999999995468192
132 99999999999384774
137 99999999999337037
267 99999999997442639
27 99999999999982534
81 99999999999774698
117 99999999999517469
50 99999999999927056
70 99999999999837801
371 99999999995052165
101 99999999999640984
39 99999999999959360
6 99999999999999169
244 99999999997870722
115 99999999999533798
168 99999999998997188
442 99999999992994635
339 99999999995866529
288 99999999997019418
258 99999999997615228
230 99999999998109850
447 99999999992835598
493 99999999991281949
304 99999999996676057
157 99999999999126863
279 99999999997203659
87 99999999999736359
401 99999999994224967
418 99999999993729971
37 99999999999963859
457 99999999992511431
2 99999999999999948
159 99999999999103883
53 99999999999915979
238 99999999997975315
492 99999999991317307
8 99999999999998464
14 99999999999995408
433 99999999993275933
363 99999999995261986
22 99999999999988923
431 99999999993337516
346 99999999995694616
405 99999999994110128
246 99999999997835216
252 99999999997726918
461 99999999992379697
36 99999999999966058
382 99999999994756666
170 99999999998972847
77 99999999999798945
13 99999999999996004
20 99999999999990907
337 99999999995914898
299 99999999996785599
453 99999999992642000
49 99999999999930616
474 99999999991943212
253 99999999997708487
105 99999999999611735
214 99999999998365397
282 99999999997142892
414 99999999993848302
194 99999999998660119
54 99999999999912049
120 99999999999492282
110 99999999999573818
190 99999999998715038
361 99999999995314053
136 99999999999346682
366 99999999995183679
437 99999999993151891
108 99999999999589312
444 99999999992931204
48 99999999999934068
454 99999999992609473
315 99999999996431009
100 99999999999648173
480 99999999991737083
292 99999999996935433
212 99999999998396268
162 99999999999068928
202 99999999998545881
309 99999999996565516
467 99999999992179765
333 99999999996010947
178 99999999998873461
300 99999999996763865
407 99999999994052354
398 99999999994310583
375 99999999994945686
385 99999999994674592
254 99999999997689977
379 99999999994838099
91 99999999999709974
41 99999999999954477
3 99999999999999834
67 99999999999853171
439 99999999993089335
26 99999999999983941
123 99999999999466460
313 99999999996476038
43 99999999999949248
412 99999999993907108
277 99999999997243932
226 99999999998175328
463 99999999992313245
481 99999999991702462
256 99999999997652679
35 99999999999968248
10 99999999999997561
290 99999999996977688
135 99999999999356258
30 99999999999977877
323 99999999996246978
172 99999999998948391
441 99999999993026327
499 99999999991067825
231 99999999998093358
357 99999999995417034
176 99999999998898782
56 99999999999903907
63 99999999999872801
196 99999999998632236
314 99999999996453575
452 99999999992674394
259 99999999997596428
83 99999999999762104
139 99999999999317703
456 99999999992544222
121 99999999999483761
287 99999999997040173
184 99999999998795643
476 99999999991874839
471 99999999992045174
148 99999999999226190
195 99999999998646242
5 99999999999999438
272 99999999997343952
169 99999999998985033
495 99999999991210840
59 99999999999891074
215 99999999998349851
376 99999999994918860
273 99999999997323988
143 99999999999277939
327 99999999996153305
422 99999999993610675
205 99999999998501727
142 99999999999288015
197 99999999998618083
103 99999999999626451
94 99999999999689795
223 99999999998223790
154 99999999999160885
17 99999999999993369
173 99999999998936063
167 99999999999009254
98 99999999999662240
141 99999999999297990
490 99999999991387875
409 99999999993994479
201 99999999998560505
80 99999999999780860
74 99999999999816092
436 99999999993183042
65 99999999999863127
261 99999999997558532
260 99999999997577518
316 99999999996408330
350 99999999995594821
416 99999999993789322
358 99999999995391423
331 99999999996058616
147 99999999999236765
488 99999999991458362
97 99999999999669206
427 99999999993459727
276 99999999997263996
47 99999999999937378
174 99999999998923693
113 99999999999549982
90 99999999999716650
150 99999999999204777
291 99999999996956632
428 99999999993429276
130 99999999999403426
241 99999999997923285
443 99999999992962928
225 99999999998191515
183 99999999998808854
482 99999999991667804
271 99999999997363823
353 99999999995519072
15 99999999999994799
96 99999999999676125
410 99999999993965458
381 99999999994783879
403 99999999994167721
217 99999999998318695
18 99999999999992598
9 99999999999998044
249 99999999997781465
466 99999999992213224
319 99999999996339574
378 99999999994865106
419 99999999993700226
51 99999999999923459
16 99999999999994138
301 99999999996741995
248 99999999997799451
387 99999999994619455
7 99999999999998842
179 99999999998860765
95 99999999999682988
251 99999999997745221
29 99999999999979538
57 99999999999899699
84 99999999999755746
464 99999999992279944
432 99999999993306761
131 99999999999394140
204 99999999998516522
127 99999999999430936
171 99999999998960656
122 99999999999475135
283 99999999997122458
298 99999999996807185
469 99999999992112637
417 99999999993759668
393 99999999994452104
243 99999999997888313
497 99999999991139436
78 99999999999793013
19 99999999999991777
192 99999999998687682
297 99999999996828675
109 99999999999581598
411 99999999993936354
349 99999999995619893
473 99999999991977283
325 99999999996200357
380 99999999994811034
475 99999999991909081
64 99999999999868027
310 99999999996543220
397 99999999994339025
365 99999999995209808
158 99999999999115386
465 99999999992246635
237 99999999997992516
235 99999999998026525
38 99999999999961646
368 99999999995131221
344 99999999995744166
62 99999999999877517
388 99999999994591750
306 99999999996631973
245 99999999997852982
424 99999999993550572
156 99999999999138283
166 99999999999021258
152 99999999999183081
92 99999999999703272
460 99999999992412748
187 99999999998755645
89 99999999999723295
140 99999999999307865
125 99999999999448813
487 99999999991493479
284 99999999997101963
320 99999999996316509
145 99999999999257572
330 99999999996082413
477 99999999991840555
360 99999999995339898
185 99999999998782369
153 99999999999172046
12 99999999999996538
128 99999999999421865
338 99999999995890746
75 99999999999810487
44 99999999999946497
462 99999999992346545
356 99999999995442617
491 99999999991352608
425 99999999993520351
275 99999999997284045
500 99999999991031960
268 99999999997423088
478 99999999991806140
394 99999999994423928
189 99999999998728643
68 99999999999848108
104 99999999999619096
307 99999999996609919
112 99999999999557991
102 99999999999633750
72 99999999999827154
4 99999999999999700
61 99999999999882154
364 99999999995235903
129 99999999999412653
269 99999999997403394
270 99999999997383610
448 99999999992803479
88 99999999999729831
294 99999999996892959
60 99999999999886685
222 99999999998239835
191 99999999998701390
367 99999999995157496
293 99999999996914201
1000
99145
56786
11839
64771
19076
33036
25701
11736
64076
21725
3764
65013
26265
87213
75919
26941
46517
44824
67498
29732
67166
63885
59852
93622
34344
1776
21524
81774
5688
8408
80081
53727
90217
93586
82441
24559
65739
89372
93555
25143
50591
71403
18909
68644
7260
53797
85958
18681
78382
80648
90469
75787
45105
68513
27712
34307
93562
51926
21142
28320
41487
49821
33366
26450
72970
64290
61573
84512
58297
78981
65373
81635
96129
2618
90728
74057
24151
78823
57737
95059
97413
6825
32659
64151
45867
42959
21744
31902
2460
53373
85947
5031
59581
14891
92646
92067
48777
42980
67221
3863
97231
58280
43457
42461
84338
21994
23671
92163
28712
61138
75350
68938
26716
53435
39605
52392
15149
3254
3034
64263
86284
96038
9283
49507
61954
74434
18849
4816
89128
83575
7801
24338
73036
23139
68674
69636
4371
56507
50665
86098
84529
17830
51503
2014
44147
41311
89065
79390
70613
3927
1120
74876
65133
31728
7375
85653
97438
92163
27656
28187
63077
73595
56783
39283
31953
35896
22621
4472
68994
80781
91198
85110
15249
26147
75955
24175
6824
29364
55281
25018
34565
13424
16737
47487
16540
98235
73118
27356
46098
23533
15290
39043
4291
71121
3193
83002
99004
13830
1747
38617
64929
85281
62455
80943
37577
90473
12195
96062
80541
54042
87885
36187
39613
74819
79901
11151
65114
78280
84720
45048
78493
81984
77527
18344
52607
66583
14646
30757
95023
60814
54981
49800
76559
46390
61106
53150
92183
22553
53918
21738
60561
82641
32187
22145
62747
61135
58420
48588
34088
64341
20486
11466
54335
2172
83007
86315
22491
51023
33478
72918
89865
28686
96850
80676
85837
31021
80593
95266
77949
29906
77571
66323
56740
81754
49373
57196
60801
33300
80359
71126
80421
99556
33342
10608
12473
3842
75539
60235
74549
3481
96201
55692
2506
58600
75291
66925
82905
42020
34068
5051
53498
30164
11765
95066
66583
43092
9138
81757
24077
65683
76661
2158
83474
99924
69082
8396
88937
64593
24241
66440
76335
30259
47520
23047
86867
20955
78238
74243
64757
39485
86073
99402
71118
67392
40401
95389
79336
35775
40379
22162
20770
83946
80062
71475
95149
56742
75801
67933
2833
67209
97947
79266
17449
3615
48522
62247
84002
34920
21757
40327
57665
82711
49730
94894
65370
72436
52697
14942
83577
88571
44150
66125
29181
98395
35715
37957
49464
63225
77628
6852
77136
69898
94865
3514
68513
7164
77927
10157
53561
24909
33463
87191
56027
41170
91470
58471
56669
52690
47340
82620
63817
91049
27269
78126
80320
98086
44387
89669
98418
79437
84225
31007
16391
18165
53937
30094
32697
76394
77080
16824
23992
32236
58157
86870
54501
28431
2205
93589
61719
85626
80938
18872
12729
55880
45607
90227
31402
93161
76798
77970
89883
8546
42698
54480
75189
91881
74173
90432
3824
63050
16283
42792
57181
38245
94269
56641
94174
42925
35088
93657
9480
11466
26707
60272
91752
36536
7900
50110
78523
11878
35796
51180
2068
60504
90678
66838
73050
30310
63924
48688
70919
63834
10802
57214
57930
86838
71209
1946
57894
22188
67301
41105
71921
6628
5576
78022
72310
64537
50725
60174
43859
30172
74405
99571
58748
29168
93958
2930
82454
64140
7958
64188
14620
6620
24700
72664
38110
5025
96528
51967
67581
29260
97630
79263
53425
98375
44648
4889
73091
24908
28993
22820
22067
33067
38226
23303
16371
28073
13848
31042
6761
86364
740
1702
59793
6096
10010
40888
16601
95716
96467
91123
80036
59022
10459
18531
5960
55763
88915
30378
48239
49456
56016
26366
94042
26196
32730
53545
80313
93571
32590
32072
36404
57364
35741
46349
51461
5460
23339
82813
72188
13922
74384
23635
33498
70992
36378
16283
3254
33128
59401
27352
82939
46597
31346
29726
6888
10134
28541
11032
78670
30526
72647
90595
74326
1399
88897
2609
58553
48618
95534
78696
33958
51512
86377
53728
73407
85749
41405
44745
14844
29351
66539
92130
35590
47275
6856
99075
97213
3185
41820
45620
46675
45403
67748
35732
75471
60386
62064
89843
24779
59377
77926
80088
78167
70216
85597
87163
86579
30490
31171
15820
73944
7631
73272
5227
37648
62851
58704
26093
4666
57957
14165
86814
49895
27417
50883
47673
92160
80631
68299
10802
95549
81417
23952
69101
26447
14289
55084
92195
58647
52544
58572
29572
82381
69408
10640
65296
87098
27148
51597
58493
97758
72723
20106
25556
89931
91160
44742
34164
83783
83540
61584
15086
87438
97683
38734
90855
7438
56435
2839
15065
99818
70152
46009
74002
68536
71771
9203
81715
29699
1702
95004
84690
12841
88601
21947
77912
68349
94713
45452
29540
22790
32411
98401
86087
20703
58125
81567
41190
81557
77294
92829
97531
21292
44273
79720
12212
82746
26590
86178
17907
84683
33969
76126
34380
68123
17081
10822
46538
91519
53818
65654
4778
14300
98508
95902
36126
36110
49305
36771
96203
1763
11683
66078
46347
61886
50652
24923
33100
33972
32043
5308
10864
74866
58318
15252
65579
52053
39411
96621
53064
93648
66141
98306
81188
66634
44389
56517
68337
50781
32055
24634
59605
44312
23985
74426
51656
55870
71559
5106
98170
35781
93570
33665
24170
15384
29564
59869
62448
7222
25285
60463
72628
34128
52001
91986
28660
85711
89512
4312
59586
12363
72229
33157
32772
89621
32952
25490
2643
2382
30900
88555
18620
95822
51137
2386
47042
51838
79451
6298
85754
73054
62033
78732
6445
9696
74375
53157
3609
57003
92148
24790
54833
86713
16837
80931
78488
33081
27448
43781
9482
30893
29538
13672
27540
38477
71754
83565
81303
68419
44427
73865
36585
84205
63766
10084
40051
5759
54958
92860
90644
42846
53834
42943
39324
98757
81046
11924
17554
59620
4562
98163
37583
21212
4113
91656
26497
50212
17084
56980
88105
59783
25037
26220
52829
12388
19156
58488
47719
60653
6549
95957
29251
5928
808
27988
13957
55633
16824
40089
24913
36630
59589
17500
95969
4026
7842
53643
99811
22162
14519
35846
34008
47211
77696
43938
39159
26466
10924
71879
1287
73930
62271
82098
91080
11018
53008
53364
4843
11420
22732
76048
69685
43056
58417
4801
30625
87206
78868
85074
73275
77592
58523
61988
40453
22030
37508
74827
60757
89447
20573
36657
86005
407
7081
97970
51938
86339
40417
67359
9422
2503
68816
17883
88127
92112
23254
98881
48493
